     DAYH DCMU  JTT MTRE  WAG RTRE CPRE   VT BLOS MTMA   LG MTAR MTZO  PMB HIVB HIVW JTTD  FLU 
DAYH    0    1   48   58   51   61   65   56   72   76   53   67   59   65   83   90   47   70 
DCMU    1    0   48   58   51   61   65   56   72   77   53   67   60   65   83   90   47   70 
 JTT   48   48    0   48   43   59   56   37   65   70   43   72   64   62   53   68    4   56 
MTRE   58   58   48    0   63   64   66   58   74   47   51   54   47   70   73   75   49   63 
 WAG   51   51   43   63    0   53   51   26   42   91   38   83   77   42   75   92   41   74 
RTRE   61   61   59   64   53    0   72   47   49   75   31   58   56   47   87   94   58   68 
CPRE   65   65   56   66   51   72    0   54   68   91   59   83   75   64   74   86   55   74 
  VT   56   56   37   58   26   47   54    0   35   84   32   76   70   34   71   85   37   69 
BLOS   72   72   65   74   42   49   68   35    0   93   42   81   77   25   93  100   65   81 
MTMA   76   77   70   47   91   75   91   84   93    0   68   49   45   90   87   70   71   61 
  LG   53   53   43   51   38   31   59   32   42   68    0   57   52   41   73   82   42   60 
MTAR   67   67   72   54   83   58   83   76   81   49   57    0   15   74   98   90   73   64 
MTZO   59   60   64   47   77   56   75   70   77   45   52   15    0   71   92   84   65   59 
 PMB   65   65   62   70   42   47   64   34   25   90   41   74   71    0   90   98   62   76 
HIVB   83   83   53   73   75   87   74   71   93   87   73   98   92   90    0   67   53   68 
HIVW   90   90   68   75   92   94   86   85  100   70   82   90   84   98   67    0   69   53 
JTTD   47   47    4   49   41   58   55   37   65   71   42   73   65   62   53   69    0   56 
 FLU   70   70   56   63   74   68   74   69   81   61   60   64   59   76   68   53   56    0 

