     DAYH DCMU  JTT MTRE  WAG RTRE CPRE   VT BLOS MTMA   LG MTAR MTZO  PMB HIVB HIVW JTTD  FLU 
DAYH    0    1   26   38   24   34   32   31   36   89   29   54   41   35   44   57   25   57 
DCMU    1    0   25   38   24   33   32   31   36   90   29   54   41   35   44   57   25   57 
 JTT   26   25    0   33   16   28   26   17   26   85   19   56   41   26   31   41    2   49 
MTRE   38   38   33    0   36   41   37   41   46   64   35   45   33   46   40   52   33   53 
 WAG   24   24   16   36    0   23   24   12   17   91   13   56   42   17   39   48   16   54 
RTRE   34   33   28   41   23    0   34   25   25   89   16   48   38   26   46   58   28   56 
CPRE   32   32   26   37   24   34    0   29   32   89   27   55   41   32   38   47   26   51 
  VT   31   31   17   41   12   25   29    0   12   95   17   60   46   11   42   49   17   59 
BLOS   36   36   26   46   17   25   32   12    0   98   20   61   49    8   48   54   26   62 
MTMA   89   90   85   64   91   89   89   95   98    0   86   73   72  100   80   87   85   79 
  LG   29   29   19   35   13   16   27   17   20   86    0   49   37   21   39   50   19   52 
MTAR   54   54   56   45   56   48   55   60   61   73   49    0   19   61   65   79   56   64 
MTZO   41   41   41   33   42   38   41   46   49   72   37   19    0   49   53   67   41   56 
 PMB   35   35   26   46   17   26   32   11    8  100   21   61   49    0   48   55   26   62 
HIVB   44   44   31   40   39   46   38   42   48   80   39   65   53   48    0   36   31   43 
HIVW   57   57   41   52   48   58   47   49   54   87   50   79   67   55   36    0   41   46 
JTTD   25   25    2   33   16   28   26   17   26   85   19   56   41   26   31   41    0   49 
 FLU   57   57   49   53   54   56   51   59   62   79   52   64   56   62   43   46   49    0 

