	Ala	Arg	Asn	Asp	Cys	Gln	Glu	Gly	His	Ile	Leu	Lys	Met	Phe	Pro	Ser	Thr	Trp	Tyr	Val	
Ala 0000.00 -0000.89 -0000.58 -0000.65 -0001.76 -0001.44 -0001.41 -0002.35 -0000.86 -0000.73 -0000.96 -0001.56 -0001.51 -0000.59 -0001.41 -0005.20 -0002.08 -0000.56 -0000.86 -0002.63 
Arg -0000.89 0000.00 -0001.56 -0000.60 -0000.27 -0003.63 -0001.64 -0000.50 -0001.75 -0000.28 -0000.75 -0006.51 -0001.18 -0000.45 -0000.54 -0001.35 -0001.10 -0000.51 -0000.87 -0000.53 
Asn -0000.58 -0001.56 0000.00 -0003.83 -0000.48 -0002.21 -0001.49 -0001.63 -0002.90 -0000.34 -0000.25 -0001.92 -0000.78 -0000.43 -0000.60 -0003.49 -0002.28 -0000.23 -0000.65 -0000.38 
Asp -0000.65 -0000.60 -0003.83 0000.00 -0000.29 -0001.43 -0004.53 -0000.96 -0000.94 -0000.50 -0000.26 -0001.24 -0000.27 -0000.34 -0000.88 -0001.90 -0001.12 -0000.17 -0000.31 -0000.31 
Cys -0001.76 -0000.27 -0000.48 -0000.29 0000.00 -0000.40 -0000.17 -0000.50 -0000.43 -0000.93 -0001.00 -0000.34 -0000.92 -0000.53 -0000.43 -0001.44 -0001.35 -0000.63 -0000.57 -0001.34 
Gln -0001.44 -0003.63 -0002.21 -0001.43 -0000.40 0000.00 -0006.65 -0000.73 -0002.93 -0000.28 -0000.70 -0004.75 -0003.00 -0000.17 -0001.03 -0002.33 -0001.54 -0000.91 -0001.15 -0000.64 
Glu -0001.41 -0001.64 -0001.49 -0004.53 -0000.17 -0006.65 0000.00 -0000.51 -0001.96 -0000.22 -0000.45 -0003.37 -0000.67 -0000.35 -0001.11 -0002.13 -0001.29 -0000.49 -0000.72 -0000.63 
Gly -0002.35 -0000.50 -0001.63 -0000.96 -0000.50 -0000.73 -0000.51 0000.00 -0000.65 -0000.23 -0000.26 -0000.90 -0000.55 -0000.44 -0000.61 -0001.82 -0000.77 -0000.61 -0000.37 -0000.30 
His -0000.86 -0001.75 -0002.90 -0000.94 -0000.43 -0002.93 -0001.96 -0000.65 0000.00 -0000.30 -0000.42 -0001.23 -0001.18 -0000.86 -0000.63 -0001.34 -0000.70 -0000.36 -0005.08 -0000.24 
Ile -0000.73 -0000.28 -0000.34 -0000.50 -0000.93 -0000.28 -0000.22 -0000.23 -0000.30 0000.00 -0004.68 -0000.49 -0004.05 -0001.83 -0000.47 -0000.43 -0001.42 -0000.41 -0000.81 -0010.00 
Leu -0000.96 -0000.75 -0000.25 -0000.26 -0001.00 -0000.70 -0000.45 -0000.26 -0000.42 -0004.68 0000.00 -0000.54 -0007.26 -0002.48 -0000.45 -0000.42 -0001.10 -0000.83 -0000.98 -0002.68 
Lys -0001.56 -0006.51 -0001.92 -0001.24 -0000.34 -0004.75 -0003.37 -0000.90 -0001.23 -0000.49 -0000.54 0000.00 -0001.29 -0000.32 -0001.26 -0002.11 -0001.57 -0000.40 -0000.86 -0000.60 
Met -0001.51 -0001.18 -0000.78 -0000.27 -0000.92 -0003.00 -0000.67 -0000.55 -0001.18 -0004.05 -0007.26 -0001.29 0000.00 -0002.13 -0000.55 -0001.11 -0001.79 -0001.07 -0001.14 -0003.10 
Phe -0000.59 -0000.45 -0000.43 -0000.34 -0000.53 -0000.17 -0000.35 -0000.44 -0000.86 -0001.83 -0002.48 -0000.32 -0002.13 0000.00 -0000.28 -0000.65 -0000.59 -0002.50 -0008.12 -0001.01 
Pro -0001.41 -0000.54 -0000.60 -0000.88 -0000.43 -0001.03 -0001.11 -0000.61 -0000.63 -0000.47 -0000.45 -0001.26 -0000.55 -0000.28 0000.00 -0001.41 -0001.21 -0000.30 -0000.44 -0000.60 
Ser -0005.20 -0001.35 -0003.49 -0001.90 -0001.44 -0002.33 -0002.13 -0001.82 -0001.34 -0000.43 -0000.42 -0002.11 -0001.11 -0000.65 -0001.41 0000.00 -0006.20 -0000.47 -0000.96 -0000.68 
Thr -0002.08 -0001.10 -0002.28 -0001.12 -0001.35 -0001.54 -0001.29 -0000.77 -0000.70 -0001.42 -0001.10 -0001.57 -0001.79 -0000.59 -0001.21 -0006.20 0000.00 -0000.62 -0000.96 -0002.71 
Trp -0000.56 -0000.51 -0000.23 -0000.17 -0000.63 -0000.91 -0000.49 -0000.61 -0000.36 -0000.41 -0000.83 -0000.40 -0001.07 -0002.50 -0000.30 -0000.47 -0000.62 0000.00 -0004.88 -0000.32 
Tyr -0000.86 -0000.87 -0000.65 -0000.31 -0000.57 -0001.15 -0000.72 -0000.37 -0005.08 -0000.81 -0000.98 -0000.86 -0001.14 -0008.12 -0000.44 -0000.96 -0000.96 -0004.88 0000.00 -0001.20 
Val -0002.63 -0000.53 -0000.38 -0000.31 -0001.34 -0000.64 -0000.63 -0000.30 -0000.24 -0010.00 -0002.68 -0000.60 -0003.10 -0001.01 -0000.60 -0000.68 -0002.71 -0000.32 -0001.20 0000.00 
