	Ala	Arg	Asn	Asp	Cys	Gln	Glu	Gly	His	Ile	Leu	Lys	Met	Phe	Pro	Ser	Thr	Trp	Tyr	Val	
Ala 0000.00 -0000.22 -0000.47 -0000.36 -0001.39 -0000.33 -0001.04 -0001.39 -0000.14 -0000.30 -0000.41 -0000.49 -0000.39 -0000.14 -0001.02 -0005.09 -0002.79 -0000.03 -0000.12 -0002.02 
Arg -0000.22 0000.00 -0000.74 -0000.09 -0001.72 -0003.64 -0000.32 -0000.51 -0001.49 -0000.28 -0000.42 -0009.34 -0000.26 -0000.11 -0000.18 -0000.80 -0000.65 -0000.48 -0000.67 -0000.19 
Asn -0000.47 -0000.74 0000.00 -0009.25 -0001.12 -0001.60 -0002.20 -0001.36 -0002.93 -0000.35 -0000.24 -0005.07 -0000.13 -0000.20 -0000.36 -0004.35 -0002.90 -0000.08 -0001.57 -0000.17 
Asp -0000.36 -0000.09 -0009.25 0000.00 -0000.02 -0000.83 -0007.69 -0000.90 -0000.69 -0000.02 -0000.02 -0000.86 -0000.10 -0000.05 -0000.35 -0001.23 -0000.55 -0000.04 -0000.59 -0000.16 
Cys -0001.39 -0001.72 -0001.12 -0000.02 0000.00 -0000.02 -0000.02 -0000.63 -0000.92 -0000.58 -0000.83 -0000.10 -0000.33 -0001.51 -0000.59 -0004.86 -0001.20 -0000.91 -0003.06 -0001.23 
Gln -0000.33 -0003.64 -0001.60 -0000.83 -0000.02 0000.00 -0006.51 -0000.28 -0002.65 -0000.19 -0000.60 -0006.91 -0000.42 -0000.02 -0000.67 -0000.83 -0000.50 -0000.11 -0000.82 -0000.11 
Glu -0001.04 -0000.32 -0002.20 -0007.69 -0000.02 -0006.51 0000.00 -0000.79 -0000.34 -0000.31 -0000.17 -0005.48 -0000.24 -0000.30 -0000.39 -0001.18 -0000.77 -0000.13 -0000.30 -0000.42 
Gly -0001.39 -0000.51 -0001.36 -0000.90 -0000.63 -0000.28 -0000.79 0000.00 -0000.04 -0000.08 -0000.04 -0000.55 -0000.04 -0000.05 -0000.06 -0001.44 -0000.19 -0000.17 -0000.02 -0000.19 
His -0000.14 -0001.49 -0002.93 -0000.69 -0000.92 -0002.65 -0000.34 -0000.04 0000.00 -0000.06 -0000.14 -0000.64 -0000.02 -0000.26 -0000.32 -0000.63 -0000.07 -0000.14 -0004.11 -0000.05 
Ile -0000.30 -0000.28 -0000.35 -0000.02 -0000.58 -0000.19 -0000.31 -0000.08 -0000.06 0000.00 -0003.64 -0000.72 -0003.69 -0000.95 -0000.24 -0000.45 -0002.17 -0000.09 -0000.19 -0010.00 
Leu -0000.41 -0000.42 -0000.24 -0000.02 -0000.83 -0000.60 -0000.17 -0000.04 -0000.14 -0003.64 0000.00 -0000.45 -0002.82 -0002.64 -0000.46 -0001.08 -0000.33 -0000.33 -0000.39 -0001.80 
Lys -0000.49 -0009.34 -0005.07 -0000.86 -0000.10 -0006.91 -0005.48 -0000.55 -0000.64 -0000.72 -0000.45 0000.00 -0000.40 -0000.15 -0000.63 -0001.81 -0001.91 -0000.02 -0000.51 -0000.52 
Met -0000.39 -0000.26 -0000.13 -0000.10 -0000.33 -0000.42 -0000.24 -0000.04 -0000.02 -0003.69 -0002.82 -0000.40 0000.00 -0000.68 -0000.21 -0000.19 -0001.34 -0000.18 -0000.45 -0000.99 
Phe -0000.14 -0000.11 -0000.20 -0000.05 -0001.51 -0000.02 -0000.30 -0000.05 -0000.26 -0000.95 -0002.64 -0000.15 -0000.68 0000.00 -0000.09 -0001.02 -0000.31 -0000.98 -0004.94 -0000.66 
Pro -0001.02 -0000.18 -0000.36 -0000.35 -0000.59 -0000.67 -0000.39 -0000.06 -0000.32 -0000.24 -0000.46 -0000.63 -0000.21 -0000.09 0000.00 -0002.51 -0000.54 -0000.10 -0000.20 -0000.25 
Ser -0005.09 -0000.80 -0004.35 -0001.23 -0004.86 -0000.83 -0001.18 -0001.44 -0000.63 -0000.45 -0001.08 -0001.81 -0000.19 -0001.02 -0002.51 0000.00 -0004.48 -0000.15 -0001.09 -0000.35 
Thr -0002.79 -0000.65 -0002.90 -0000.55 -0001.20 -0000.50 -0000.77 -0000.19 -0000.07 -0002.17 -0000.33 -0001.91 -0001.34 -0000.31 -0000.54 -0004.48 0000.00 -0000.06 -0000.15 -0001.58 
Trp -0000.03 -0000.48 -0000.08 -0000.04 -0000.91 -0000.11 -0000.13 -0000.17 -0000.14 -0000.09 -0000.33 -0000.02 -0000.18 -0000.98 -0000.10 -0000.15 -0000.06 0000.00 -0000.72 -0000.02 
Tyr -0000.12 -0000.67 -0001.57 -0000.59 -0003.06 -0000.82 -0000.30 -0000.02 -0004.11 -0000.19 -0000.39 -0000.51 -0000.45 -0004.94 -0000.20 -0001.09 -0000.15 -0000.72 0000.00 -0000.25 
Val -0002.02 -0000.19 -0000.17 -0000.16 -0001.23 -0000.11 -0000.42 -0000.19 -0000.05 -0010.00 -0001.80 -0000.52 -0000.99 -0000.66 -0000.25 -0000.35 -0001.58 -0000.02 -0000.25 0000.00 
