	Ala	Arg	Asn	Asp	Cys	Gln	Glu	Gly	His	Ile	Leu	Lys	Met	Phe	Pro	Ser	Thr	Trp	Tyr	Val	
Ala 0000.00 -0000.23 -0000.85 -0001.04 -0000.31 -0000.77 -0001.72 -0002.08 -0000.20 -0000.56 -0000.36 -0000.23 -0000.62 -0000.16 -0002.17 -0003.55 -0003.22 -0000.00 -0000.21 -0001.80 
Arg -0000.23 0000.00 -0000.28 -0000.00 -0000.20 -0002.13 -0000.01 -0000.08 -0002.08 -0000.56 -0000.13 -0004.02 -0000.78 -0000.12 -0000.89 -0001.34 -0000.23 -0001.74 -0000.07 -0000.21 
Asn -0000.85 -0000.28 0000.00 -0007.85 -0000.00 -0000.89 -0001.28 -0001.21 -0004.64 -0000.67 -0000.29 -0002.76 -0000.01 -0000.12 -0000.36 -0004.29 -0001.99 -0000.20 -0000.82 -0000.13 
Asp -0001.04 -0000.00 -0007.85 0000.00 -0000.00 -0001.16 -0010.00 -0001.08 -0000.75 -0000.21 -0000.00 -0000.62 -0000.00 -0000.00 -0000.11 -0000.82 -0000.57 -0000.00 -0000.00 -0000.16 
Cys -0000.31 -0000.20 -0000.00 -0000.00 0000.00 -0000.00 -0000.00 -0000.10 -0000.24 -0000.38 -0000.00 -0000.00 -0000.00 -0000.00 -0000.16 -0001.40 -0000.14 -0000.00 -0000.83 -0000.42 
Gln -0000.77 -0002.13 -0000.89 -0001.16 -0000.00 0000.00 -0006.21 -0000.24 -0005.26 -0000.16 -0000.63 -0001.33 -0000.99 -0000.00 -0001.33 -0000.49 -0000.46 -0000.00 -0000.00 -0000.30 
Glu -0001.72 -0000.01 -0001.28 -0010.00 -0000.00 -0006.21 0000.00 -0000.70 -0000.37 -0000.53 -0000.10 -0000.72 -0000.26 -0000.00 -0000.44 -0000.69 -0000.29 -0000.00 -0000.19 -0000.32 
Gly -0002.08 -0000.08 -0001.21 -0001.08 -0000.10 -0000.24 -0000.70 0000.00 -0000.09 -0000.00 -0000.06 -0000.23 -0000.15 -0000.13 -0000.29 -0002.03 -0000.26 -0000.00 -0000.00 -0000.47 
His -0000.20 -0002.08 -0004.64 -0000.75 -0000.24 -0005.26 -0000.37 -0000.09 0000.00 -0000.06 -0000.38 -0000.23 -0000.00 -0000.42 -0000.82 -0000.30 -0000.19 -0000.23 -0001.10 -0000.38 
Ile -0000.56 -0000.56 -0000.67 -0000.21 -0000.38 -0000.16 -0000.53 -0000.00 -0000.06 0000.00 -0002.23 -0000.40 -0002.91 -0001.70 -0000.10 -0000.21 -0001.67 -0000.00 -0000.32 -0007.71 
Leu -0000.36 -0000.13 -0000.29 -0000.00 -0000.00 -0000.63 -0000.10 -0000.06 -0000.38 -0002.23 0000.00 -0000.16 -0004.57 -0001.36 -0000.28 -0000.15 -0000.29 -0000.40 -0000.24 -0001.52 
Lys -0000.23 -0004.02 -0002.76 -0000.62 -0000.00 -0001.33 -0000.72 -0000.23 -0000.23 -0000.40 -0000.16 0000.00 -0002.11 -0000.00 -0000.29 -0000.83 -0001.18 -0000.00 -0000.11 -0000.09 
Met -0000.62 -0000.78 -0000.01 -0000.00 -0000.00 -0000.99 -0000.26 -0000.15 -0000.00 -0002.91 -0004.57 -0002.11 0000.00 -0000.80 -0000.15 -0000.54 -0000.90 -0000.00 -0000.00 -0002.24 
Phe -0000.16 -0000.12 -0000.12 -0000.00 -0000.00 -0000.00 -0000.00 -0000.13 -0000.42 -0001.70 -0001.36 -0000.00 -0000.80 0000.00 -0000.10 -0000.40 -0000.11 -0000.66 -0006.05 -0000.10 
Pro -0002.17 -0000.89 -0000.36 -0000.11 -0000.16 -0001.33 -0000.44 -0000.29 -0000.82 -0000.10 -0000.28 -0000.29 -0000.15 -0000.10 0000.00 -0002.12 -0000.68 -0000.00 -0000.00 -0000.42 
Ser -0003.55 -0001.34 -0004.29 -0000.82 -0001.40 -0000.49 -0000.69 -0002.03 -0000.30 -0000.21 -0000.15 -0000.83 -0000.54 -0000.40 -0002.12 0000.00 -0004.77 -0000.65 -0000.29 -0000.26 
Thr -0003.22 -0000.23 -0001.99 -0000.57 -0000.14 -0000.46 -0000.29 -0000.26 -0000.19 -0001.67 -0000.29 -0001.18 -0000.90 -0000.11 -0000.68 -0004.77 0000.00 -0000.00 -0000.36 -0001.36 
Trp -0000.00 -0001.74 -0000.20 -0000.00 -0000.00 -0000.00 -0000.00 -0000.00 -0000.23 -0000.00 -0000.40 -0000.00 -0000.00 -0000.66 -0000.00 -0000.65 -0000.00 0000.00 -0000.53 -0000.00 
Tyr -0000.21 -0000.07 -0000.82 -0000.00 -0000.83 -0000.00 -0000.19 -0000.00 -0001.10 -0000.32 -0000.24 -0000.11 -0000.00 -0006.05 -0000.00 -0000.29 -0000.36 -0000.53 0000.00 -0000.24 
Val -0001.80 -0000.21 -0000.13 -0000.16 -0000.42 -0000.30 -0000.32 -0000.47 -0000.38 -0007.71 -0001.52 -0000.09 -0002.24 -0000.10 -0000.42 -0000.26 -0001.36 -0000.00 -0000.24 0000.00 
