	Ala	Arg	Asn	Asp	Cys	Gln	Glu	Gly	His	Ile	Leu	Lys	Met	Phe	Pro	Ser	Thr	Trp	Tyr	Val	
Ala 0000.00 -0000.24 -0000.86 -0001.05 -0000.32 -0000.78 -0001.72 -0002.10 -0000.20 -0000.57 -0000.36 -0000.23 -0000.63 -0000.16 -0002.18 -0003.56 -0003.23 -0000.00 -0000.21 -0001.81 
Arg -0000.24 0000.00 -0000.29 -0000.00 -0000.20 -0002.14 -0000.00 -0000.08 -0002.09 -0000.56 -0000.14 -0004.05 -0000.79 -0000.12 -0000.90 -0001.34 -0000.23 -0001.76 -0000.07 -0000.21 
Asn -0000.86 -0000.29 0000.00 -0007.84 -0000.00 -0000.90 -0001.31 -0001.22 -0004.64 -0000.67 -0000.30 -0002.76 -0000.00 -0000.12 -0000.37 -0004.29 -0001.99 -0000.20 -0000.83 -0000.14 
Asp -0001.05 -0000.00 -0007.84 0000.00 -0000.00 -0001.18 -0010.00 -0001.09 -0000.76 -0000.21 -0000.00 -0000.63 -0000.00 -0000.00 -0000.12 -0000.84 -0000.58 -0000.00 -0000.00 -0000.16 
Cys -0000.32 -0000.20 -0000.00 -0000.00 0000.00 -0000.00 -0000.00 -0000.09 -0000.25 -0000.38 -0000.00 -0000.00 -0000.00 -0000.00 -0000.16 -0001.40 -0000.14 -0000.00 -0000.84 -0000.43 
Gln -0000.78 -0002.14 -0000.90 -0001.18 -0000.00 0000.00 -0006.22 -0000.25 -0005.28 -0000.16 -0000.64 -0001.33 -0000.99 -0000.00 -0001.34 -0000.49 -0000.46 -0000.00 -0000.00 -0000.30 
Glu -0001.72 -0000.00 -0001.31 -0010.00 -0000.00 -0006.22 0000.00 -0000.71 -0000.39 -0000.54 -0000.10 -0000.73 -0000.27 -0000.00 -0000.45 -0000.70 -0000.30 -0000.00 -0000.19 -0000.32 
Gly -0002.10 -0000.08 -0001.22 -0001.09 -0000.09 -0000.25 -0000.71 0000.00 -0000.09 -0000.00 -0000.06 -0000.24 -0000.15 -0000.13 -0000.30 -0002.04 -0000.27 -0000.00 -0000.00 -0000.47 
His -0000.20 -0002.09 -0004.64 -0000.76 -0000.25 -0005.28 -0000.39 -0000.09 0000.00 -0000.07 -0000.39 -0000.24 -0000.00 -0000.42 -0000.82 -0000.31 -0000.20 -0000.24 -0001.11 -0000.39 
Ile -0000.57 -0000.56 -0000.67 -0000.21 -0000.38 -0000.16 -0000.54 -0000.00 -0000.07 0000.00 -0002.24 -0000.40 -0002.93 -0001.71 -0000.10 -0000.22 -0001.67 -0000.00 -0000.33 -0007.74 
Leu -0000.36 -0000.14 -0000.30 -0000.00 -0000.00 -0000.64 -0000.10 -0000.06 -0000.39 -0002.24 0000.00 -0000.16 -0004.59 -0001.37 -0000.28 -0000.15 -0000.29 -0000.41 -0000.25 -0001.53 
Lys -0000.23 -0004.05 -0002.76 -0000.63 -0000.00 -0001.33 -0000.73 -0000.24 -0000.24 -0000.40 -0000.16 0000.00 -0002.12 -0000.00 -0000.29 -0000.84 -0001.19 -0000.00 -0000.12 -0000.09 
Met -0000.63 -0000.79 -0000.00 -0000.00 -0000.00 -0000.99 -0000.27 -0000.15 -0000.00 -0002.93 -0004.59 -0002.12 0000.00 -0000.81 -0000.15 -0000.54 -0000.91 -0000.00 -0000.00 -0002.25 
Phe -0000.16 -0000.12 -0000.12 -0000.00 -0000.00 -0000.00 -0000.00 -0000.13 -0000.42 -0001.71 -0001.37 -0000.00 -0000.81 0000.00 -0000.10 -0000.40 -0000.12 -0000.67 -0006.10 -0000.11 
Pro -0002.18 -0000.90 -0000.37 -0000.12 -0000.16 -0001.34 -0000.45 -0000.30 -0000.82 -0000.10 -0000.28 -0000.29 -0000.15 -0000.10 0000.00 -0002.13 -0000.69 -0000.00 -0000.00 -0000.43 
Ser -0003.56 -0001.34 -0004.29 -0000.84 -0001.40 -0000.49 -0000.70 -0002.04 -0000.31 -0000.22 -0000.15 -0000.84 -0000.54 -0000.40 -0002.13 0000.00 -0004.77 -0000.65 -0000.30 -0000.27 
Thr -0003.23 -0000.23 -0001.99 -0000.58 -0000.14 -0000.46 -0000.30 -0000.27 -0000.20 -0001.67 -0000.29 -0001.19 -0000.91 -0000.12 -0000.69 -0004.77 0000.00 -0000.00 -0000.37 -0001.37 
Trp -0000.00 -0001.76 -0000.20 -0000.00 -0000.00 -0000.00 -0000.00 -0000.00 -0000.24 -0000.00 -0000.41 -0000.00 -0000.00 -0000.67 -0000.00 -0000.65 -0000.00 0000.00 -0000.53 -0000.00 
Tyr -0000.21 -0000.07 -0000.83 -0000.00 -0000.84 -0000.00 -0000.19 -0000.00 -0001.11 -0000.33 -0000.25 -0000.12 -0000.00 -0006.10 -0000.00 -0000.30 -0000.37 -0000.53 0000.00 -0000.25 
Val -0001.81 -0000.21 -0000.14 -0000.16 -0000.43 -0000.30 -0000.32 -0000.47 -0000.39 -0007.74 -0001.53 -0000.09 -0002.25 -0000.11 -0000.43 -0000.27 -0001.37 -0000.00 -0000.25 0000.00 
