	Ala	Arg	Asn	Asp	Cys	Gln	Glu	Gly	His	Ile	Leu	Lys	Met	Phe	Pro	Ser	Thr	Trp	Tyr	Val	
Ala 0000.00 -0000.09 -0000.03 -0000.38 -0000.02 -0000.23 -0000.97 -0000.74 -0000.14 -0000.10 -0000.02 -0000.31 -0000.04 -0000.05 -0000.43 -0001.97 -0003.54 -0000.13 -0000.01 -0002.31 
Arg -0000.09 0000.00 -0000.11 -0000.00 -0000.11 -0002.15 -0000.08 -0000.78 -0001.23 -0000.16 -0000.19 -0010.00 -0000.58 -0000.01 -0000.10 -0000.62 -0000.12 -0000.90 -0000.07 -0000.07 
Asn -0000.03 -0000.11 0000.00 -0005.06 -0000.00 -0000.35 -0000.04 -0000.21 -0000.91 -0000.14 -0000.00 -0001.73 -0000.00 -0000.00 -0000.02 -0002.54 -0001.40 -0000.00 -0000.24 -0000.01 
Asp -0000.38 -0000.00 -0005.06 0000.00 -0000.01 -0000.10 -0003.51 -0001.26 -0000.58 -0000.01 -0000.00 -0000.19 -0000.03 -0000.00 -0000.12 -0000.22 -0000.09 -0000.00 -0000.34 -0000.19 
Cys -0000.02 -0000.11 -0000.00 -0000.01 0000.00 -0000.00 -0000.00 -0000.08 -0000.01 -0000.00 -0000.00 -0000.00 -0000.07 -0000.07 -0000.00 -0000.22 -0000.01 -0000.06 -0000.39 -0000.04 
Gln -0000.23 -0002.15 -0000.35 -0000.10 -0000.00 0000.00 -0000.78 -0000.07 -0003.48 -0000.02 -0000.67 -0001.67 -0000.12 -0000.02 -0000.47 -0000.32 -0000.39 -0000.03 -0000.05 -0000.27 
Glu -0000.97 -0000.08 -0000.04 -0003.51 -0000.00 -0000.78 0000.00 -0001.04 -0000.17 -0000.01 -0000.01 -0002.54 -0000.21 -0000.00 -0000.21 -0000.20 -0000.18 -0000.10 -0000.07 -0000.19 
Gly -0000.74 -0000.78 -0000.21 -0001.26 -0000.08 -0000.07 -0001.04 0000.00 -0000.04 -0000.00 -0000.00 -0000.17 -0000.00 -0000.00 -0000.03 -0001.04 -0000.01 -0000.13 -0000.05 -0000.22 
His -0000.14 -0001.23 -0000.91 -0000.58 -0000.01 -0003.48 -0000.17 -0000.04 0000.00 -0000.16 -0000.21 -0000.23 -0000.00 -0000.08 -0000.60 -0000.38 -0000.24 -0000.01 -0004.21 -0000.06 
Ile -0000.10 -0000.16 -0000.14 -0000.01 -0000.00 -0000.02 -0000.01 -0000.00 -0000.16 0000.00 -0002.30 -0000.15 -0005.89 -0000.96 -0000.05 -0000.19 -0001.90 -0000.02 -0000.18 -0009.41 
Leu -0000.02 -0000.19 -0000.00 -0000.00 -0000.00 -0000.67 -0000.01 -0000.00 -0000.21 -0002.30 0000.00 -0000.08 -0004.41 -0001.95 -0000.41 -0000.37 -0000.03 -0000.28 -0000.22 -0000.58 
Lys -0000.31 -0010.00 -0001.73 -0000.19 -0000.00 -0001.67 -0002.54 -0000.17 -0000.23 -0000.15 -0000.08 0000.00 -0000.87 -0000.21 -0000.13 -0000.19 -0001.00 -0000.00 -0000.01 -0000.05 
Met -0000.04 -0000.58 -0000.00 -0000.03 -0000.07 -0000.12 -0000.21 -0000.00 -0000.00 -0005.89 -0004.41 -0000.87 0000.00 -0000.18 -0000.04 -0000.00 -0001.33 -0000.05 -0000.57 -0003.21 
Phe -0000.05 -0000.01 -0000.00 -0000.00 -0000.07 -0000.02 -0000.00 -0000.00 -0000.08 -0000.96 -0001.95 -0000.21 -0000.18 0000.00 -0000.00 -0000.65 -0000.00 -0000.53 -0003.53 -0000.39 
Pro -0000.43 -0000.10 -0000.02 -0000.12 -0000.00 -0000.47 -0000.21 -0000.03 -0000.60 -0000.05 -0000.41 -0000.13 -0000.04 -0000.00 0000.00 -0001.36 -0000.35 -0000.00 -0000.00 -0000.04 
Ser -0001.97 -0000.62 -0002.54 -0000.22 -0000.22 -0000.32 -0000.20 -0001.04 -0000.38 -0000.19 -0000.37 -0000.19 -0000.00 -0000.65 -0001.36 0000.00 -0001.44 -0000.07 -0000.26 -0000.06 
Thr -0003.54 -0000.12 -0001.40 -0000.09 -0000.01 -0000.39 -0000.18 -0000.01 -0000.24 -0001.90 -0000.03 -0001.00 -0001.33 -0000.00 -0000.35 -0001.44 0000.00 -0000.14 -0000.08 -0000.43 
Trp -0000.13 -0000.90 -0000.00 -0000.00 -0000.06 -0000.03 -0000.10 -0000.13 -0000.01 -0000.02 -0000.28 -0000.00 -0000.05 -0000.53 -0000.00 -0000.07 -0000.14 0000.00 -0000.28 -0000.17 
Tyr -0000.01 -0000.07 -0000.24 -0000.34 -0000.39 -0000.05 -0000.07 -0000.05 -0004.21 -0000.18 -0000.22 -0000.01 -0000.57 -0003.53 -0000.00 -0000.26 -0000.08 -0000.28 0000.00 -0000.11 
Val -0002.31 -0000.07 -0000.01 -0000.19 -0000.04 -0000.27 -0000.19 -0000.22 -0000.06 -0009.41 -0000.58 -0000.05 -0003.21 -0000.39 -0000.04 -0000.06 -0000.43 -0000.17 -0000.11 0000.00 
