	Ala	Arg	Asn	Asp	Cys	Gln	Glu	Gly	His	Ile	Leu	Lys	Met	Phe	Pro	Ser	Thr	Trp	Tyr	Val	
Ala 0000.00 -0000.15 -0000.00 -0000.71 -0000.06 -0000.03 -0000.72 -0001.04 -0000.04 -0000.00 -0000.11 -0000.00 -0000.01 -0000.01 -0001.04 -0001.21 -0007.78 -0000.00 -0000.00 -0003.72 
Arg -0000.15 0000.00 -0000.14 -0000.00 -0000.17 -0001.67 -0000.04 -0001.79 -0004.42 -0000.33 -0000.34 -0010.00 -0001.23 -0000.00 -0000.63 -0001.70 -0001.40 -0000.48 -0000.00 -0000.04 
Asn -0000.00 -0000.14 0000.00 -0008.64 -0000.04 -0000.33 -0000.04 -0000.16 -0003.74 -0000.33 -0000.00 -0003.87 -0000.00 -0000.00 -0000.00 -0006.43 -0003.37 -0000.00 -0000.86 -0000.01 
Asp -0000.71 -0000.00 -0008.64 0000.00 -0000.00 -0000.00 -0005.18 -0001.39 -0000.94 -0000.01 -0000.00 -0000.00 -0000.00 -0000.00 -0000.02 -0000.26 -0000.13 -0000.00 -0000.33 -0000.51 
Cys -0000.06 -0000.17 -0000.04 -0000.00 0000.00 -0000.00 -0000.00 -0000.44 -0000.12 -0000.00 -0000.06 -0000.00 -0000.00 -0004.55 -0000.00 -0002.29 -0000.36 -0001.29 -0003.71 -0000.21 
Gln -0000.03 -0001.67 -0000.33 -0000.00 -0000.00 0000.00 -0001.25 -0000.03 -0003.45 -0000.00 -0000.73 -0003.20 -0000.15 -0000.00 -0002.19 -0000.06 -0000.12 -0000.01 -0000.06 -0000.01 
Glu -0000.72 -0000.04 -0000.04 -0005.18 -0000.00 -0001.25 0000.00 -0001.92 -0000.06 -0000.00 -0000.00 -0002.26 -0000.09 -0000.00 -0000.01 -0000.00 -0000.14 -0000.00 -0000.04 -0000.50 
Gly -0001.04 -0001.79 -0000.16 -0001.39 -0000.44 -0000.03 -0001.92 0000.00 -0000.00 -0000.00 -0000.00 -0000.26 -0000.00 -0000.14 -0000.00 -0002.14 -0000.18 -0000.59 -0000.00 -0000.47 
His -0000.04 -0004.42 -0003.74 -0000.94 -0000.12 -0003.45 -0000.06 -0000.00 0000.00 -0000.05 -0000.85 -0000.00 -0000.00 -0000.07 -0001.20 -0000.19 -0000.35 -0000.03 -0009.14 -0000.00 
Ile -0000.00 -0000.33 -0000.33 -0000.01 -0000.00 -0000.00 -0000.00 -0000.00 -0000.05 0000.00 -0002.91 -0000.16 -0005.48 -0001.66 -0000.02 -0000.60 -0004.21 -0000.00 -0000.07 -0008.67 
Leu -0000.11 -0000.34 -0000.00 -0000.00 -0000.06 -0000.73 -0000.00 -0000.00 -0000.85 -0002.91 0000.00 -0000.04 -0002.60 -0004.17 -0001.02 -0000.45 -0000.02 -0000.37 -0000.05 -0000.69 
Lys -0000.00 -0010.00 -0003.87 -0000.00 -0000.00 -0003.20 -0002.26 -0000.26 -0000.00 -0000.16 -0000.04 0000.00 -0000.63 -0000.02 -0000.02 -0000.25 -0002.28 -0000.00 -0000.00 -0000.13 
Met -0000.01 -0001.23 -0000.00 -0000.00 -0000.00 -0000.15 -0000.09 -0000.00 -0000.00 -0005.48 -0002.60 -0000.63 0000.00 -0000.09 -0000.00 -0000.00 -0002.42 -0000.04 -0000.00 -0003.35 
Phe -0000.01 -0000.00 -0000.00 -0000.00 -0004.55 -0000.00 -0000.00 -0000.14 -0000.07 -0001.66 -0004.17 -0000.02 -0000.09 0000.00 -0000.00 -0000.47 -0000.01 -0000.41 -0007.50 -0000.35 
Pro -0001.04 -0000.63 -0000.00 -0000.02 -0000.00 -0002.19 -0000.01 -0000.00 -0001.20 -0000.02 -0001.02 -0000.02 -0000.00 -0000.00 0000.00 -0002.63 -0000.98 -0000.02 -0000.01 -0000.00 
Ser -0001.21 -0001.70 -0006.43 -0000.26 -0002.29 -0000.06 -0000.00 -0002.14 -0000.19 -0000.60 -0000.45 -0000.25 -0000.00 -0000.47 -0002.63 0000.00 -0004.37 -0000.01 -0000.32 -0000.04 
Thr -0007.78 -0001.40 -0003.37 -0000.13 -0000.36 -0000.12 -0000.14 -0000.18 -0000.35 -0004.21 -0000.02 -0002.28 -0002.42 -0000.01 -0000.98 -0004.37 0000.00 -0000.00 -0000.05 -0000.35 
Trp -0000.00 -0000.48 -0000.00 -0000.00 -0001.29 -0000.01 -0000.00 -0000.59 -0000.03 -0000.00 -0000.37 -0000.00 -0000.04 -0000.41 -0000.02 -0000.01 -0000.00 0000.00 -0000.63 -0000.00 
Tyr -0000.00 -0000.00 -0000.86 -0000.33 -0003.71 -0000.06 -0000.04 -0000.00 -0009.14 -0000.07 -0000.05 -0000.00 -0000.00 -0007.50 -0000.01 -0000.32 -0000.05 -0000.63 0000.00 -0000.02 
Val -0003.72 -0000.04 -0000.01 -0000.51 -0000.21 -0000.01 -0000.50 -0000.47 -0000.00 -0008.67 -0000.69 -0000.13 -0003.35 -0000.35 -0000.00 -0000.04 -0000.35 -0000.00 -0000.02 0000.00 
