	Ala	Arg	Asn	Asp	Cys	Gln	Glu	Gly	His	Ile	Leu	Lys	Met	Phe	Pro	Ser	Thr	Trp	Tyr	Val	
Ala 0000.00 -0000.02 -0000.13 -0000.93 -0000.04 -0000.00 -0001.17 -0000.39 -0000.00 -0000.00 -0000.03 -0000.12 -0000.00 -0000.13 -0000.21 -0001.81 -0005.08 -0000.00 -0000.00 -0005.22 
Arg -0000.02 0000.00 -0000.03 -0000.01 -0000.60 -0002.25 -0000.01 -0002.83 -0001.44 -0000.28 -0000.12 -0008.40 -0000.69 -0000.00 -0000.09 -0001.76 -0000.20 -0001.26 -0000.00 -0000.06 
Asn -0000.13 -0000.03 0000.00 -0006.19 -0000.01 -0000.07 -0000.04 -0000.01 -0001.81 -0000.21 -0000.00 -0002.25 -0000.04 -0000.00 -0000.07 -0003.07 -0000.96 -0000.00 -0001.07 -0000.02 
Asp -0000.93 -0000.01 -0006.19 0000.00 -0000.00 -0000.00 -0002.55 -0002.19 -0000.49 -0000.03 -0000.00 -0000.19 -0000.00 -0000.00 -0000.00 -0000.09 -0000.13 -0000.00 -0000.48 -0000.61 
Cys -0000.04 -0000.60 -0000.01 -0000.00 0000.00 -0000.00 -0000.00 -0000.01 -0000.00 -0000.00 -0000.00 -0000.00 -0000.00 -0000.08 -0000.00 -0000.24 -0000.00 -0001.16 -0001.76 -0000.00 
Gln -0000.00 -0002.25 -0000.07 -0000.00 -0000.00 0000.00 -0000.68 -0000.01 -0003.91 -0000.01 -0000.61 -0002.75 -0000.00 -0000.00 -0000.64 -0000.03 -0000.04 -0000.01 -0000.00 -0000.00 
Glu -0001.17 -0000.01 -0000.04 -0002.55 -0000.00 -0000.68 0000.00 -0003.11 -0000.00 -0000.01 -0000.03 -0005.05 -0000.00 -0000.00 -0000.00 -0000.00 -0000.10 -0000.00 -0000.00 -0000.46 
Gly -0000.39 -0002.83 -0000.01 -0002.19 -0000.01 -0000.01 -0003.11 0000.00 -0000.00 -0000.00 -0000.01 -0000.06 -0000.01 -0000.00 -0000.00 -0001.32 -0000.01 -0000.60 -0000.00 -0000.59 
His -0000.00 -0001.44 -0001.81 -0000.49 -0000.00 -0003.91 -0000.00 -0000.00 0000.00 -0000.00 -0000.37 -0000.05 -0000.00 -0000.00 -0002.94 -0000.15 -0000.20 -0000.00 -0010.00 -0000.17 
Ile -0000.00 -0000.28 -0000.21 -0000.03 -0000.00 -0000.01 -0000.01 -0000.00 -0000.00 0000.00 -0001.92 -0000.17 -0003.64 -0000.31 -0000.00 -0000.16 -0001.97 -0000.00 -0000.02 -0005.23 
Leu -0000.03 -0000.12 -0000.00 -0000.00 -0000.00 -0000.61 -0000.03 -0000.01 -0000.37 -0001.92 0000.00 -0000.00 -0002.40 -0001.58 -0002.07 -0001.29 -0000.00 -0000.29 -0000.00 -0000.62 
Lys -0000.12 -0008.40 -0002.25 -0000.19 -0000.00 -0002.75 -0005.05 -0000.06 -0000.05 -0000.17 -0000.00 0000.00 -0000.86 -0000.00 -0000.02 -0000.00 -0000.85 -0000.00 -0000.00 -0000.03 
Met -0000.00 -0000.69 -0000.04 -0000.00 -0000.00 -0000.00 -0000.00 -0000.01 -0000.00 -0003.64 -0002.40 -0000.86 0000.00 -0000.00 -0000.00 -0000.08 -0001.56 -0000.00 -0000.12 -0003.11 
Phe -0000.13 -0000.00 -0000.00 -0000.00 -0000.08 -0000.00 -0000.00 -0000.00 -0000.00 -0000.31 -0001.58 -0000.00 -0000.00 0000.00 -0000.01 -0000.90 -0000.02 -0000.00 -0000.87 -0000.48 
Pro -0000.21 -0000.09 -0000.07 -0000.00 -0000.00 -0000.64 -0000.00 -0000.00 -0002.94 -0000.00 -0002.07 -0000.02 -0000.00 -0000.01 0000.00 -0003.00 -0000.91 -0000.00 -0000.00 -0000.00 
Ser -0001.81 -0001.76 -0003.07 -0000.09 -0000.24 -0000.03 -0000.00 -0001.32 -0000.15 -0000.16 -0001.29 -0000.00 -0000.08 -0000.90 -0003.00 0000.00 -0001.34 -0000.23 -0000.20 -0000.18 
Thr -0005.08 -0000.20 -0000.96 -0000.13 -0000.00 -0000.04 -0000.10 -0000.01 -0000.20 -0001.97 -0000.00 -0000.85 -0001.56 -0000.02 -0000.91 -0001.34 0000.00 -0000.00 -0000.10 -0000.00 
Trp -0000.00 -0001.26 -0000.00 -0000.00 -0001.16 -0000.01 -0000.00 -0000.60 -0000.00 -0000.00 -0000.29 -0000.00 -0000.00 -0000.00 -0000.00 -0000.23 -0000.00 0000.00 -0000.00 -0000.00 
Tyr -0000.00 -0000.00 -0001.07 -0000.48 -0001.76 -0000.00 -0000.00 -0000.00 -0010.00 -0000.02 -0000.00 -0000.00 -0000.12 -0000.87 -0000.00 -0000.20 -0000.10 -0000.00 0000.00 -0000.29 
Val -0005.22 -0000.06 -0000.02 -0000.61 -0000.00 -0000.00 -0000.46 -0000.59 -0000.17 -0005.23 -0000.62 -0000.03 -0003.11 -0000.48 -0000.00 -0000.18 -0000.00 -0000.00 -0000.29 0000.00 
