	Ala	Arg	Asn	Asp	Cys	Gln	Glu	Gly	His	Ile	Leu	Lys	Met	Phe	Pro	Ser	Thr	Trp	Tyr	Val	
Ala 0000.00 -0000.60 -0000.56 -0000.84 -0000.58 -0000.59 -0001.09 -0001.86 -0000.28 -0000.37 -0000.31 -0000.36 -0000.56 -0000.16 -0002.02 -0003.93 -0004.94 -0000.09 -0000.11 -0003.10 
Arg -0000.60 0000.00 -0000.47 -0000.17 -0001.18 -0003.23 -0000.30 -0001.43 -0003.41 -0000.23 -0000.40 -0006.72 -0000.46 -0000.05 -0000.77 -0001.05 -0000.67 -0001.31 -0000.21 -0000.18 
Asn -0000.56 -0000.47 0000.00 -0005.49 -0000.35 -0000.89 -0000.60 -0000.84 -0004.07 -0000.49 -0000.12 -0002.74 -0000.31 -0000.10 -0000.16 -0005.23 -0002.41 -0000.08 -0000.73 -0000.17 
Asp -0000.84 -0000.17 -0005.49 0000.00 -0000.10 -0000.51 -0007.98 -0001.35 -0001.17 -0000.11 -0000.07 -0000.27 -0000.16 -0000.04 -0000.16 -0000.61 -0000.40 -0000.04 -0000.48 -0000.32 
Cys -0000.58 -0001.18 -0000.35 -0000.10 0000.00 -0000.09 -0000.05 -0000.61 -0000.72 -0000.18 -0000.24 -0000.07 -0000.32 -0000.81 -0000.15 -0002.32 -0000.44 -0001.20 -0002.17 -0000.65 
Gln -0000.59 -0003.23 -0000.89 -0000.51 -0000.09 0000.00 -0003.36 -0000.27 -0006.21 -0000.09 -0000.75 -0003.04 -0000.45 -0000.04 -0001.71 -0000.55 -0000.53 -0000.19 -0000.25 -0000.21 
Glu -0001.09 -0000.30 -0000.60 -0007.98 -0000.05 -0003.36 0000.00 -0001.24 -0000.27 -0000.12 -0000.09 -0001.88 -0000.19 -0000.05 -0000.19 -0000.31 -0000.33 -0000.10 -0000.07 -0000.47 
Gly -0001.86 -0001.43 -0000.84 -0001.35 -0000.61 -0000.27 -0001.24 0000.00 -0000.24 -0000.06 -0000.06 -0000.28 -0000.15 -0000.05 -0000.25 -0002.09 -0000.34 -0000.57 -0000.08 -0000.49 
His -0000.28 -0003.41 -0004.07 -0001.17 -0000.72 -0006.21 -0000.27 -0000.24 0000.00 -0000.17 -0000.58 -0000.47 -0000.34 -0000.42 -0001.20 -0000.76 -0000.48 -0000.08 -0005.96 -0000.11 
Ile -0000.37 -0000.23 -0000.49 -0000.11 -0000.18 -0000.09 -0000.12 -0000.06 -0000.17 0000.00 -0002.38 -0000.22 -0004.98 -0000.93 -0000.10 -0000.42 -0002.55 -0000.09 -0000.33 -0010.00 
Leu -0000.31 -0000.40 -0000.12 -0000.07 -0000.24 -0000.75 -0000.09 -0000.06 -0000.58 -0002.38 0000.00 -0000.15 -0004.04 -0002.58 -0001.06 -0000.61 -0000.26 -0000.54 -0000.25 -0001.87 
Lys -0000.36 -0006.72 -0002.74 -0000.27 -0000.07 -0003.04 -0001.88 -0000.28 -0000.47 -0000.22 -0000.15 0000.00 -0000.68 -0000.04 -0000.22 -0000.49 -0001.07 -0000.10 -0000.08 -0000.15 
Met -0000.56 -0000.46 -0000.31 -0000.16 -0000.32 -0000.45 -0000.19 -0000.15 -0000.34 -0004.98 -0004.04 -0000.68 0000.00 -0000.45 -0000.17 -0000.30 -0002.35 -0000.25 -0000.19 -0003.36 
Phe -0000.16 -0000.05 -0000.10 -0000.04 -0000.81 -0000.04 -0000.05 -0000.05 -0000.42 -0000.93 -0002.58 -0000.04 -0000.45 0000.00 -0000.18 -0000.96 -0000.12 -0000.55 -0005.58 -0000.65 
Pro -0002.02 -0000.77 -0000.16 -0000.16 -0000.15 -0001.71 -0000.19 -0000.25 -0001.20 -0000.10 -0001.06 -0000.22 -0000.17 -0000.18 0000.00 -0002.97 -0001.23 -0000.06 -0000.10 -0000.24 
Ser -0003.93 -0001.05 -0005.23 -0000.61 -0002.32 -0000.55 -0000.31 -0002.09 -0000.76 -0000.42 -0000.61 -0000.49 -0000.30 -0000.96 -0002.97 0000.00 -0004.96 -0000.36 -0000.66 -0000.40 
Thr -0004.94 -0000.67 -0002.41 -0000.40 -0000.44 -0000.53 -0000.33 -0000.34 -0000.48 -0002.55 -0000.26 -0001.07 -0002.35 -0000.12 -0001.23 -0004.96 0000.00 -0000.12 -0000.22 -0001.17 
Trp -0000.09 -0001.31 -0000.08 -0000.04 -0001.20 -0000.19 -0000.10 -0000.57 -0000.08 -0000.09 -0000.54 -0000.10 -0000.25 -0000.55 -0000.06 -0000.36 -0000.12 0000.00 -0000.74 -0000.26 
Tyr -0000.11 -0000.21 -0000.73 -0000.48 -0002.17 -0000.25 -0000.07 -0000.08 -0005.96 -0000.33 -0000.25 -0000.08 -0000.19 -0005.58 -0000.10 -0000.66 -0000.22 -0000.74 0000.00 -0000.17 
Val -0003.10 -0000.18 -0000.17 -0000.32 -0000.65 -0000.21 -0000.47 -0000.49 -0000.11 -0010.00 -0001.87 -0000.15 -0003.36 -0000.65 -0000.24 -0000.40 -0001.17 -0000.26 -0000.17 0000.00 
