	Ala	Arg	Asn	Asp	Cys	Gln	Glu	Gly	His	Ile	Leu	Lys	Met	Phe	Pro	Ser	Thr	Trp	Tyr	Val	
Ala 0000.00 -0000.56 -0000.59 -0000.87 -0000.60 -0000.58 -0001.12 -0001.83 -0000.23 -0000.38 -0000.33 -0000.39 -0000.49 -0000.15 -0002.06 -0004.08 -0004.81 -0000.09 -0000.15 -0003.07 
Arg -0000.56 0000.00 -0000.47 -0000.16 -0001.07 -0003.17 -0000.33 -0001.43 -0003.37 -0000.25 -0000.39 -0006.85 -0000.45 -0000.07 -0000.75 -0001.05 -0000.68 -0001.32 -0000.25 -0000.18 
Asn -0000.59 -0000.47 0000.00 -0005.82 -0000.33 -0000.81 -0000.61 -0000.81 -0004.22 -0000.52 -0000.14 -0002.65 -0000.35 -0000.08 -0000.13 -0005.31 -0002.47 -0000.03 -0000.73 -0000.17 
Asp -0000.87 -0000.16 -0005.82 0000.00 -0000.11 -0000.55 -0008.15 -0001.33 -0001.08 -0000.12 -0000.06 -0000.30 -0000.20 -0000.03 -0000.13 -0000.62 -0000.45 -0000.06 -0000.48 -0000.33 
Cys -0000.60 -0001.07 -0000.33 -0000.11 0000.00 -0000.10 -0000.06 -0000.57 -0000.76 -0000.16 -0000.17 -0000.05 -0000.43 -0000.71 -0000.13 -0002.26 -0000.49 -0001.16 -0002.22 -0000.65 
Gln -0000.58 -0003.17 -0000.81 -0000.55 -0000.10 0000.00 -0003.58 -0000.24 -0005.96 -0000.08 -0000.74 -0003.11 -0000.48 -0000.05 -0001.69 -0000.58 -0000.55 -0000.18 -0000.27 -0000.19 
Glu -0001.12 -0000.33 -0000.61 -0008.15 -0000.06 -0003.58 0000.00 -0001.17 -0000.26 -0000.12 -0000.10 -0001.82 -0000.18 -0000.05 -0000.20 -0000.33 -0000.35 -0000.12 -0000.07 -0000.49 
Gly -0001.83 -0001.43 -0000.81 -0001.33 -0000.57 -0000.24 -0001.17 0000.00 -0000.21 -0000.06 -0000.07 -0000.28 -0000.14 -0000.05 -0000.22 -0001.97 -0000.33 -0000.57 -0000.06 -0000.49 
His -0000.23 -0003.37 -0004.22 -0001.08 -0000.76 -0005.96 -0000.26 -0000.21 0000.00 -0000.19 -0000.57 -0000.55 -0000.35 -0000.48 -0001.20 -0000.78 -0000.50 -0000.13 -0006.13 -0000.13 
Ile -0000.38 -0000.25 -0000.52 -0000.12 -0000.16 -0000.08 -0000.12 -0000.06 -0000.19 0000.00 -0002.45 -0000.21 -0005.07 -0000.82 -0000.10 -0000.42 -0002.68 -0000.14 -0000.32 -0010.00 
Leu -0000.33 -0000.39 -0000.14 -0000.06 -0000.17 -0000.74 -0000.10 -0000.07 -0000.57 -0002.45 0000.00 -0000.15 -0004.05 -0002.62 -0001.11 -0000.62 -0000.29 -0000.56 -0000.25 -0001.85 
Lys -0000.39 -0006.85 -0002.65 -0000.30 -0000.05 -0003.11 -0001.82 -0000.28 -0000.55 -0000.21 -0000.15 0000.00 -0000.66 -0000.03 -0000.23 -0000.50 -0001.01 -0000.09 -0000.09 -0000.13 
Met -0000.49 -0000.45 -0000.35 -0000.20 -0000.43 -0000.48 -0000.18 -0000.14 -0000.35 -0005.07 -0004.05 -0000.66 0000.00 -0000.46 -0000.17 -0000.30 -0002.22 -0000.21 -0000.20 -0003.19 
Phe -0000.15 -0000.07 -0000.08 -0000.03 -0000.71 -0000.05 -0000.05 -0000.05 -0000.48 -0000.82 -0002.62 -0000.03 -0000.46 0000.00 -0000.16 -0000.99 -0000.15 -0000.56 -0005.75 -0000.62 
Pro -0002.06 -0000.75 -0000.13 -0000.13 -0000.13 -0001.69 -0000.20 -0000.22 -0001.20 -0000.10 -0001.11 -0000.23 -0000.17 -0000.16 0000.00 -0002.92 -0001.23 -0000.07 -0000.12 -0000.22 
Ser -0004.08 -0001.05 -0005.31 -0000.62 -0002.26 -0000.58 -0000.33 -0001.97 -0000.78 -0000.42 -0000.62 -0000.50 -0000.30 -0000.99 -0002.92 0000.00 -0005.01 -0000.33 -0000.66 -0000.43 
Thr -0004.81 -0000.68 -0002.47 -0000.45 -0000.49 -0000.55 -0000.35 -0000.33 -0000.50 -0002.68 -0000.29 -0001.01 -0002.22 -0000.15 -0001.23 -0005.01 0000.00 -0000.08 -0000.21 -0001.20 
Trp -0000.09 -0001.32 -0000.03 -0000.06 -0001.16 -0000.18 -0000.12 -0000.57 -0000.13 -0000.14 -0000.56 -0000.09 -0000.21 -0000.56 -0000.07 -0000.33 -0000.08 0000.00 -0000.78 -0000.25 
Tyr -0000.15 -0000.25 -0000.73 -0000.48 -0002.22 -0000.27 -0000.07 -0000.06 -0006.13 -0000.32 -0000.25 -0000.09 -0000.20 -0005.75 -0000.12 -0000.66 -0000.21 -0000.78 0000.00 -0000.17 
Val -0003.07 -0000.18 -0000.17 -0000.33 -0000.65 -0000.19 -0000.49 -0000.49 -0000.13 -0010.00 -0001.85 -0000.13 -0003.19 -0000.62 -0000.22 -0000.43 -0001.20 -0000.25 -0000.17 0000.00 
