	Ala	Arg	Asn	Asp	Cys	Gln	Glu	Gly	His	Ile	Leu	Lys	Met	Phe	Pro	Ser	Thr	Trp	Tyr	Val	
Ala 0000.00 -0000.40 -0000.26 -0000.37 -0002.34 -0000.91 -0000.98 -0001.94 -0000.34 -0000.14 -0000.37 -0000.50 -0001.06 -0000.24 -0001.11 -0004.44 -0002.01 -0000.17 -0000.21 -0002.39 
Arg -0000.40 0000.00 -0000.71 -0000.12 -0000.50 -0002.64 -0000.34 -0000.37 -0002.28 -0000.12 -0000.28 -0005.94 -0000.45 -0000.05 -0000.31 -0000.81 -0000.54 -0000.56 -0000.30 -0000.16 
Asn -0000.26 -0000.71 0000.00 -0004.77 -0000.50 -0001.59 -0000.51 -0001.35 -0004.23 -0000.18 -0000.06 -0002.01 -0000.35 -0000.08 -0000.15 -0003.76 -0001.88 -0000.04 -0000.57 -0000.08 
Asp -0000.37 -0000.12 -0004.77 0000.00 -0000.06 -0000.49 -0004.92 -0000.79 -0000.87 -0000.01 -0000.01 -0000.27 -0000.02 -0000.02 -0000.37 -0001.16 -0000.40 -0000.03 -0000.13 -0000.04 
Cys -0002.34 -0000.50 -0000.50 -0000.06 0000.00 -0000.08 -0000.00 -0000.53 -0000.60 -0000.30 -0000.56 -0000.01 -0000.84 -0001.04 -0000.07 -0002.61 -0001.07 -0000.63 -0001.09 -0001.84 
Gln -0000.91 -0002.64 -0001.59 -0000.49 -0000.08 0000.00 -0003.88 -0000.25 -0004.52 -0000.07 -0000.55 -0003.04 -0001.57 -0000.03 -0000.59 -0001.15 -0001.01 -0000.22 -0000.24 -0000.20 
Glu -0000.98 -0000.34 -0000.51 -0004.92 -0000.00 -0003.88 0000.00 -0000.33 -0000.40 -0000.04 -0000.07 -0001.70 -0000.16 -0000.02 -0000.39 -0000.57 -0000.57 -0000.07 -0000.11 -0000.23 
Gly -0001.94 -0000.37 -0001.35 -0000.79 -0000.53 -0000.25 -0000.33 0000.00 -0000.29 -0000.01 -0000.04 -0000.28 -0000.13 -0000.08 -0000.18 -0001.63 -0000.12 -0000.25 -0000.05 -0000.07 
His -0000.34 -0002.28 -0004.23 -0000.87 -0000.60 -0004.52 -0000.40 -0000.29 0000.00 -0000.10 -0000.34 -0000.65 -0000.42 -0000.64 -0000.48 -0000.93 -0000.55 -0000.56 -0004.98 -0000.11 
Ile -0000.14 -0000.12 -0000.18 -0000.01 -0000.30 -0000.07 -0000.04 -0000.01 -0000.10 0000.00 -0003.89 -0000.15 -0004.01 -0001.04 -0000.07 -0000.06 -0000.97 -0000.10 -0000.22 -0010.00 
Leu -0000.37 -0000.28 -0000.06 -0000.01 -0000.56 -0000.55 -0000.07 -0000.04 -0000.34 -0003.89 0000.00 -0000.13 -0005.93 -0002.43 -0000.23 -0000.17 -0000.28 -0000.58 -0000.28 -0001.60 
Lys -0000.50 -0005.94 -0002.01 -0000.27 -0000.01 -0003.04 -0001.70 -0000.28 -0000.65 -0000.15 -0000.13 0000.00 -0000.62 -0000.02 -0000.37 -0000.70 -0001.07 -0000.05 -0000.12 -0000.17 
Met -0001.06 -0000.45 -0000.35 -0000.02 -0000.84 -0001.57 -0000.16 -0000.13 -0000.42 -0004.01 -0005.93 -0000.62 0000.00 -0001.69 -0000.09 -0000.33 -0001.90 -0000.65 -0000.45 -0001.78 
Phe -0000.24 -0000.05 -0000.08 -0000.02 -0001.04 -0000.03 -0000.02 -0000.08 -0000.64 -0001.04 -0002.43 -0000.02 -0001.69 0000.00 -0000.09 -0000.34 -0000.15 -0002.31 -0007.33 -0000.61 
Pro -0001.11 -0000.31 -0000.15 -0000.37 -0000.07 -0000.59 -0000.39 -0000.18 -0000.48 -0000.07 -0000.23 -0000.37 -0000.09 -0000.09 0000.00 -0001.26 -0000.54 -0000.09 -0000.08 -0000.28 
Ser -0004.44 -0000.81 -0003.76 -0001.16 -0002.61 -0001.15 -0000.57 -0001.63 -0000.93 -0000.06 -0000.17 -0000.70 -0000.33 -0000.34 -0001.26 0000.00 -0006.08 -0000.23 -0000.38 -0000.09 
Thr -0002.01 -0000.54 -0001.88 -0000.40 -0001.07 -0001.01 -0000.57 -0000.12 -0000.55 -0000.97 -0000.28 -0001.07 -0001.90 -0000.15 -0000.54 -0006.08 0000.00 -0000.13 -0000.23 -0002.05 
Trp -0000.17 -0000.56 -0000.04 -0000.03 -0000.63 -0000.22 -0000.07 -0000.25 -0000.56 -0000.10 -0000.58 -0000.05 -0000.65 -0002.31 -0000.09 -0000.23 -0000.13 0000.00 -0002.96 -0000.18 
Tyr -0000.21 -0000.30 -0000.57 -0000.13 -0001.09 -0000.24 -0000.11 -0000.05 -0004.98 -0000.22 -0000.28 -0000.12 -0000.45 -0007.33 -0000.08 -0000.38 -0000.23 -0002.96 0000.00 -0000.23 
Val -0002.39 -0000.16 -0000.08 -0000.04 -0001.84 -0000.20 -0000.23 -0000.07 -0000.11 -0010.00 -0001.60 -0000.17 -0001.78 -0000.61 -0000.28 -0000.09 -0002.05 -0000.18 -0000.23 0000.00 
