	Ala	Arg	Asn	Asp	Cys	Gln	Glu	Gly	His	Ile	Leu	Lys	Met	Phe	Pro	Ser	Thr	Trp	Tyr	Val	
Ala 0000.00 -0000.00 -0000.00 -0000.01 -0001.37 -0000.00 -0000.00 -0001.08 -0000.00 -0000.14 -0000.02 -0000.00 -0000.65 -0000.07 -0000.26 -0003.63 -0001.32 -0000.00 -0000.01 -0001.83 
Arg -0000.00 0000.00 -0000.00 -0000.02 -0000.19 -0000.83 -0000.00 -0000.00 -0000.22 -0000.01 -0000.01 -0001.13 -0000.03 -0000.03 -0000.00 -0000.02 -0000.00 -0000.00 -0000.02 -0000.00 
Asn -0000.00 -0000.00 0000.00 -0002.70 -0000.53 -0001.41 -0000.99 -0000.65 -0000.97 -0000.11 -0000.07 -0002.52 -0000.43 -0000.11 -0000.09 -0002.15 -0000.89 -0000.04 -0001.35 -0000.12 
Asp -0000.01 -0000.02 -0002.70 0000.00 -0000.06 -0000.00 -0004.65 -0000.06 -0000.00 -0000.04 -0000.01 -0000.01 -0000.00 -0000.00 -0000.00 -0000.24 -0000.00 -0000.00 -0000.00 -0000.00 
Cys -0001.37 -0000.19 -0000.53 -0000.06 0000.00 -0000.00 -0000.00 -0000.44 -0000.06 -0000.34 -0000.43 -0000.00 -0001.68 -0000.99 -0000.00 -0003.58 -0000.99 -0000.12 -0000.39 -0001.89 
Gln -0000.00 -0000.83 -0001.41 -0000.00 -0000.00 0000.00 -0001.41 -0000.02 -0001.69 -0000.06 -0000.09 -0001.88 -0000.36 -0000.00 -0000.21 -0000.28 -0000.24 -0000.04 -0000.47 -0000.00 
Glu -0000.00 -0000.00 -0000.99 -0004.65 -0000.00 -0001.41 0000.00 -0000.24 -0000.08 -0000.04 -0000.01 -0000.57 -0000.00 -0000.00 -0000.04 -0000.17 -0000.23 -0000.06 -0000.04 -0000.08 
Gly -0001.08 -0000.00 -0000.65 -0000.06 -0000.44 -0000.02 -0000.24 0000.00 -0000.00 -0000.02 -0000.01 -0000.00 -0000.30 -0000.01 -0000.00 -0001.22 -0000.00 -0000.01 -0000.05 -0000.02 
His -0000.00 -0000.22 -0000.97 -0000.00 -0000.06 -0001.69 -0000.08 -0000.00 0000.00 -0000.00 -0000.03 -0000.00 -0000.00 -0000.08 -0000.01 -0000.06 -0000.10 -0000.00 -0001.03 -0000.00 
Ile -0000.14 -0000.01 -0000.11 -0000.04 -0000.34 -0000.06 -0000.04 -0000.02 -0000.00 0000.00 -0002.78 -0000.02 -0002.78 -0000.64 -0000.00 -0000.04 -0001.10 -0000.00 -0000.06 -0010.00 
Leu -0000.02 -0000.01 -0000.07 -0000.01 -0000.43 -0000.09 -0000.01 -0000.01 -0000.03 -0002.78 0000.00 -0000.02 -0004.77 -0001.42 -0000.06 -0000.04 -0000.26 -0000.11 -0000.11 -0000.46 
Lys -0000.00 -0001.13 -0002.52 -0000.01 -0000.00 -0001.88 -0000.57 -0000.00 -0000.00 -0000.02 -0000.02 0000.00 -0000.57 -0000.06 -0000.09 -0000.78 -0000.38 -0000.09 -0000.63 -0000.14 
Met -0000.65 -0000.03 -0000.43 -0000.00 -0001.68 -0000.36 -0000.00 -0000.30 -0000.00 -0002.78 -0004.77 -0000.57 0000.00 -0001.74 -0000.03 -0000.60 -0001.56 -0000.38 -0000.38 -0001.51 
Phe -0000.07 -0000.03 -0000.11 -0000.00 -0000.99 -0000.00 -0000.00 -0000.01 -0000.08 -0000.64 -0001.42 -0000.06 -0001.74 0000.00 -0000.08 -0000.19 -0000.08 -0000.29 -0004.27 -0000.28 
Pro -0000.26 -0000.00 -0000.09 -0000.00 -0000.00 -0000.21 -0000.04 -0000.00 -0000.01 -0000.00 -0000.06 -0000.09 -0000.03 -0000.08 0000.00 -0000.47 -0000.25 -0000.00 -0000.10 -0000.17 
Ser -0003.63 -0000.02 -0002.15 -0000.24 -0003.58 -0000.28 -0000.17 -0001.22 -0000.06 -0000.04 -0000.04 -0000.78 -0000.60 -0000.19 -0000.47 0000.00 -0003.56 -0000.01 -0000.16 -0000.33 
Thr -0001.32 -0000.00 -0000.89 -0000.00 -0000.99 -0000.24 -0000.23 -0000.00 -0000.10 -0001.10 -0000.26 -0000.38 -0001.56 -0000.08 -0000.25 -0003.56 0000.00 -0000.00 -0000.25 -0002.93 
Trp -0000.00 -0000.00 -0000.04 -0000.00 -0000.12 -0000.04 -0000.06 -0000.01 -0000.00 -0000.00 -0000.11 -0000.09 -0000.38 -0000.29 -0000.00 -0000.01 -0000.00 0000.00 -0000.20 -0000.00 
Tyr -0000.01 -0000.02 -0001.35 -0000.00 -0000.39 -0000.47 -0000.04 -0000.05 -0001.03 -0000.06 -0000.11 -0000.63 -0000.38 -0004.27 -0000.10 -0000.16 -0000.25 -0000.20 0000.00 -0000.01 
Val -0001.83 -0000.00 -0000.12 -0000.00 -0001.89 -0000.00 -0000.08 -0000.02 -0000.00 -0010.00 -0000.46 -0000.14 -0001.51 -0000.28 -0000.17 -0000.33 -0002.93 -0000.00 -0000.01 0000.00 
