	Ala	Arg	Asn	Asp	Cys	Gln	Glu	Gly	His	Ile	Leu	Lys	Met	Phe	Pro	Ser	Thr	Trp	Tyr	Val	
Ala 0000.00 -0000.14 -0000.01 -0000.05 -0000.00 -0000.00 -0000.00 -0000.35 -0000.04 -0000.34 -0000.09 -0000.00 -0000.34 -0000.00 -0000.24 -0001.54 -0003.07 -0000.02 -0000.00 -0001.79 
Arg -0000.14 0000.00 -0000.02 -0000.00 -0000.84 -0001.11 -0000.00 -0000.08 -0001.05 -0000.00 -0000.03 -0000.23 -0000.00 -0000.00 -0000.04 -0000.01 -0000.00 -0000.07 -0000.00 -0000.00 
Asn -0000.01 -0000.02 0000.00 -0003.89 -0000.00 -0000.04 -0000.00 -0000.21 -0002.06 -0000.09 -0000.00 -0001.84 -0000.09 -0000.03 -0000.15 -0002.01 -0000.50 -0000.03 -0000.70 -0000.00 
Asp -0000.05 -0000.00 -0003.89 0000.00 -0000.00 -0000.22 -0002.56 -0000.36 -0000.05 -0000.00 -0000.00 -0000.00 -0000.00 -0000.02 -0000.01 -0000.07 -0000.00 -0000.00 -0000.00 -0000.05 
Cys -0000.00 -0000.84 -0000.00 -0000.00 0000.00 -0000.00 -0000.00 -0000.00 -0001.37 -0000.18 -0000.12 -0000.00 -0000.00 -0000.03 -0000.00 -0001.56 -0000.51 -0000.29 -0002.39 -0000.00 
Gln -0000.00 -0001.11 -0000.04 -0000.22 -0000.00 0000.00 -0001.23 -0000.00 -0002.48 -0000.00 -0000.09 -0001.09 -0000.10 -0000.00 -0000.23 -0000.14 -0000.00 -0000.00 -0000.24 -0000.15 
Glu -0000.00 -0000.00 -0000.00 -0002.56 -0000.00 -0001.23 0000.00 -0000.10 -0000.10 -0000.00 -0000.00 -0000.97 -0000.00 -0000.00 -0000.00 -0000.09 -0000.02 -0000.00 -0000.00 -0000.09 
Gly -0000.35 -0000.08 -0000.21 -0000.36 -0000.00 -0000.00 -0000.10 0000.00 -0000.00 -0000.00 -0000.00 -0000.00 -0000.00 -0000.00 -0000.00 -0000.50 -0000.00 -0000.00 -0000.00 -0000.02 
His -0000.04 -0001.05 -0002.06 -0000.05 -0001.37 -0002.48 -0000.10 -0000.00 0000.00 -0000.00 -0000.12 -0000.00 -0000.00 -0000.00 -0000.24 -0000.09 -0000.00 -0000.00 -0006.87 -0000.00 
Ile -0000.34 -0000.00 -0000.09 -0000.00 -0000.18 -0000.00 -0000.00 -0000.00 -0000.00 0000.00 -0001.05 -0000.03 -0001.70 -0000.26 -0000.02 -0000.00 -0001.62 -0000.00 -0000.07 -0010.00 
Leu -0000.09 -0000.03 -0000.00 -0000.00 -0000.12 -0000.09 -0000.00 -0000.00 -0000.12 -0001.05 0000.00 -0000.02 -0002.74 -0001.11 -0000.19 -0000.33 -0000.15 -0000.05 -0000.11 -0000.45 
Lys -0000.00 -0000.23 -0001.84 -0000.00 -0000.00 -0001.09 -0000.97 -0000.00 -0000.00 -0000.03 -0000.02 0000.00 -0000.27 -0000.00 -0000.08 -0000.29 -0000.23 -0000.00 -0000.30 -0000.00 
Met -0000.34 -0000.00 -0000.09 -0000.00 -0000.00 -0000.10 -0000.00 -0000.00 -0000.00 -0001.70 -0002.74 -0000.27 0000.00 -0000.05 -0000.00 -0000.21 -0003.11 -0000.06 -0000.00 -0003.75 
Phe -0000.00 -0000.00 -0000.03 -0000.02 -0000.03 -0000.00 -0000.00 -0000.00 -0000.00 -0000.26 -0001.11 -0000.00 -0000.05 0000.00 -0000.08 -0000.41 -0000.04 -0000.00 -0003.07 -0000.03 
Pro -0000.24 -0000.04 -0000.15 -0000.01 -0000.00 -0000.23 -0000.00 -0000.00 -0000.24 -0000.02 -0000.19 -0000.08 -0000.00 -0000.08 0000.00 -0000.91 -0000.35 -0000.03 -0000.04 -0000.00 
Ser -0001.54 -0000.01 -0002.01 -0000.07 -0001.56 -0000.14 -0000.09 -0000.50 -0000.09 -0000.00 -0000.33 -0000.29 -0000.21 -0000.41 -0000.91 0000.00 -0002.77 -0000.08 -0000.48 -0000.00 
Thr -0003.07 -0000.00 -0000.50 -0000.00 -0000.51 -0000.00 -0000.02 -0000.00 -0000.00 -0001.62 -0000.15 -0000.23 -0003.11 -0000.04 -0000.35 -0002.77 0000.00 -0000.00 -0000.00 -0001.07 
Trp -0000.02 -0000.07 -0000.03 -0000.00 -0000.29 -0000.00 -0000.00 -0000.00 -0000.00 -0000.00 -0000.05 -0000.00 -0000.06 -0000.00 -0000.03 -0000.08 -0000.00 0000.00 -0000.06 -0000.00 
Tyr -0000.00 -0000.00 -0000.70 -0000.00 -0002.39 -0000.24 -0000.00 -0000.00 -0006.87 -0000.07 -0000.11 -0000.30 -0000.00 -0003.07 -0000.04 -0000.48 -0000.00 -0000.06 0000.00 -0000.00 
Val -0001.79 -0000.00 -0000.00 -0000.05 -0000.00 -0000.15 -0000.09 -0000.02 -0000.00 -0010.00 -0000.45 -0000.00 -0003.75 -0000.03 -0000.00 -0000.00 -0001.07 -0000.00 -0000.00 0000.00 
