	Ala	Arg	Asn	Asp	Cys	Gln	Glu	Gly	His	Ile	Leu	Lys	Met	Phe	Pro	Ser	Thr	Trp	Tyr	Val	
Ala 0000.00 -0000.19 -0000.22 -0000.14 -0000.49 -0000.02 -0000.08 -0000.99 -0000.11 -0000.79 -0000.21 -0000.07 -0001.16 -0000.05 -0000.44 -0003.17 -0003.93 -0000.02 -0000.05 -0001.60 
Arg -0000.19 0000.00 -0000.11 -0000.02 -0000.84 -0001.81 -0000.02 -0000.19 -0001.35 -0000.02 -0000.13 -0001.16 -0000.02 -0000.04 -0000.19 -0000.05 -0000.02 -0000.18 -0000.02 -0000.06 
Asn -0000.22 -0000.11 0000.00 -0006.50 -0000.48 -0001.42 -0000.52 -0000.44 -0004.06 -0000.22 -0000.12 -0004.98 -0000.53 -0000.12 -0000.60 -0004.04 -0001.95 -0000.09 -0001.56 -0000.02 
Asp -0000.14 -0000.02 -0006.50 0000.00 -0000.02 -0000.45 -0004.77 -0000.46 -0000.93 -0000.04 -0000.02 -0000.02 -0000.02 -0000.04 -0000.11 -0000.56 -0000.23 -0000.16 -0000.17 -0000.02 
Cys -0000.49 -0000.84 -0000.48 -0000.02 0000.00 -0000.62 -0000.02 -0000.25 -0001.16 -0000.51 -0000.21 -0000.02 -0000.05 -0000.58 -0000.26 -0002.27 -0001.47 -0000.27 -0002.08 -0000.02 
Gln -0000.02 -0001.81 -0001.42 -0000.45 -0000.62 0000.00 -0002.56 -0000.06 -0004.76 -0000.07 -0000.32 -0003.81 -0000.39 -0000.16 -0001.12 -0000.44 -0000.78 -0000.02 -0000.32 -0000.16 
Glu -0000.08 -0000.02 -0000.52 -0004.77 -0000.02 -0002.56 0000.00 -0000.23 -0000.40 -0000.03 -0000.02 -0002.57 -0000.02 -0000.02 -0000.10 -0000.45 -0000.12 -0000.02 -0000.11 -0000.17 
Gly -0000.99 -0000.19 -0000.44 -0000.46 -0000.25 -0000.06 -0000.23 0000.00 -0000.02 -0000.05 -0000.02 -0000.19 -0000.02 -0000.02 -0000.02 -0001.03 -0000.09 -0000.09 -0000.03 -0000.02 
His -0000.11 -0001.35 -0004.06 -0000.93 -0001.16 -0004.76 -0000.40 -0000.02 0000.00 -0000.10 -0000.09 -0001.04 -0000.10 -0000.39 -0000.50 -0000.63 -0000.37 -0000.06 -0005.48 -0000.02 
Ile -0000.79 -0000.02 -0000.22 -0000.04 -0000.51 -0000.07 -0000.03 -0000.05 -0000.10 0000.00 -0002.69 -0000.16 -0004.24 -0000.69 -0000.17 -0000.39 -0003.01 -0000.02 -0000.20 -0010.00 
Leu -0000.21 -0000.13 -0000.12 -0000.02 -0000.21 -0000.32 -0000.02 -0000.02 -0000.09 -0002.69 0000.00 -0000.12 -0004.40 -0001.77 -0000.33 -0000.60 -0001.03 -0000.27 -0000.36 -0000.75 
Lys -0000.07 -0001.16 -0004.98 -0000.02 -0000.02 -0003.81 -0002.57 -0000.19 -0001.04 -0000.16 -0000.12 0000.00 -0000.75 -0000.05 -0000.41 -0000.87 -0001.11 -0000.20 -0000.42 -0000.02 
Met -0001.16 -0000.02 -0000.53 -0000.02 -0000.05 -0000.39 -0000.02 -0000.02 -0000.10 -0004.24 -0004.40 -0000.75 0000.00 -0000.74 -0000.15 -0000.91 -0004.32 -0000.18 -0000.33 -0003.17 
Phe -0000.05 -0000.04 -0000.12 -0000.04 -0000.58 -0000.16 -0000.02 -0000.02 -0000.39 -0000.69 -0001.77 -0000.05 -0000.74 0000.00 -0000.14 -0000.53 -0000.28 -0000.06 -0003.81 -0000.05 
Pro -0000.44 -0000.19 -0000.60 -0000.11 -0000.26 -0001.12 -0000.10 -0000.02 -0000.50 -0000.17 -0000.33 -0000.41 -0000.15 -0000.14 0000.00 -0001.39 -0001.05 -0000.03 -0000.13 -0000.07 
Ser -0003.17 -0000.05 -0004.04 -0000.56 -0002.27 -0000.44 -0000.45 -0001.03 -0000.63 -0000.39 -0000.60 -0000.87 -0000.91 -0000.53 -0001.39 0000.00 -0004.88 -0000.32 -0000.53 -0000.02 
Thr -0003.93 -0000.02 -0001.95 -0000.23 -0001.47 -0000.78 -0000.12 -0000.09 -0000.37 -0003.01 -0001.03 -0001.11 -0004.32 -0000.28 -0001.05 -0004.88 0000.00 -0000.08 -0000.32 -0001.67 
Trp -0000.02 -0000.18 -0000.09 -0000.16 -0000.27 -0000.02 -0000.02 -0000.09 -0000.06 -0000.02 -0000.27 -0000.20 -0000.18 -0000.06 -0000.03 -0000.32 -0000.08 0000.00 -0000.21 -0000.04 
Tyr -0000.05 -0000.02 -0001.56 -0000.17 -0002.08 -0000.32 -0000.11 -0000.03 -0005.48 -0000.20 -0000.36 -0000.42 -0000.33 -0003.81 -0000.13 -0000.53 -0000.32 -0000.21 0000.00 -0000.02 
Val -0001.60 -0000.06 -0000.02 -0000.02 -0000.02 -0000.16 -0000.17 -0000.02 -0000.02 -0010.00 -0000.75 -0000.02 -0003.17 -0000.05 -0000.07 -0000.02 -0001.67 -0000.04 -0000.02 0000.00 
