	Ala	Arg	Asn	Asp	Cys	Gln	Glu	Gly	His	Ile	Leu	Lys	Met	Phe	Pro	Ser	Thr	Trp	Tyr	Val	
Ala 0000.00 -0000.02 -0000.01 -0000.09 -0001.59 -0000.04 -0000.10 -0001.69 -0000.01 -0000.19 -0000.09 -0000.00 -0000.80 -0000.15 -0000.36 -0003.77 -0002.21 -0000.02 -0000.01 -0001.88 
Arg -0000.02 0000.00 -0000.20 -0000.02 -0000.36 -0001.35 -0000.04 -0000.04 -0000.36 -0000.00 -0000.02 -0001.71 -0000.02 -0000.00 -0000.04 -0000.07 -0000.02 -0000.10 -0000.08 -0000.03 
Asn -0000.01 -0000.20 0000.00 -0003.61 -0000.55 -0001.11 -0001.02 -0000.58 -0001.34 -0000.14 -0000.05 -0002.42 -0000.43 -0000.08 -0000.13 -0002.46 -0001.08 -0000.04 -0000.83 -0000.04 
Asp -0000.09 -0000.02 -0003.61 0000.00 -0000.06 -0000.11 -0005.17 -0000.15 -0000.33 -0000.01 -0000.00 -0000.00 -0000.00 -0000.01 -0000.00 -0000.30 -0000.01 -0000.00 -0000.08 -0000.02 
Cys -0001.59 -0000.36 -0000.55 -0000.06 0000.00 -0000.29 -0000.02 -0000.48 -0000.22 -0000.29 -0000.35 -0000.00 -0001.55 -0000.98 -0000.05 -0003.84 -0001.16 -0000.21 -0000.45 -0001.43 
Gln -0000.04 -0001.35 -0001.11 -0000.11 -0000.29 0000.00 -0002.04 -0000.05 -0002.47 -0000.00 -0000.13 -0001.95 -0000.49 -0000.06 -0000.31 -0000.56 -0000.23 -0000.04 -0000.31 -0000.05 
Glu -0000.10 -0000.04 -0001.02 -0005.17 -0000.02 -0002.04 0000.00 -0000.25 -0000.09 -0000.04 -0000.01 -0000.95 -0000.00 -0000.00 -0000.12 -0000.22 -0000.20 -0000.02 -0000.06 -0000.10 
Gly -0001.69 -0000.04 -0000.58 -0000.15 -0000.48 -0000.05 -0000.25 0000.00 -0000.04 -0000.02 -0000.02 -0000.06 -0000.31 -0000.03 -0000.01 -0001.50 -0000.03 -0000.07 -0000.03 -0000.14 
His -0000.01 -0000.36 -0001.34 -0000.33 -0000.22 -0002.47 -0000.09 -0000.04 0000.00 -0000.01 -0000.04 -0000.14 -0000.04 -0000.08 -0000.09 -0000.14 -0000.11 -0000.03 -0001.56 -0000.00 
Ile -0000.19 -0000.00 -0000.14 -0000.01 -0000.29 -0000.00 -0000.04 -0000.02 -0000.01 0000.00 -0002.49 -0000.05 -0002.63 -0000.53 -0000.02 -0000.04 -0001.30 -0000.06 -0000.08 -0010.00 
Leu -0000.09 -0000.02 -0000.05 -0000.00 -0000.35 -0000.13 -0000.01 -0000.02 -0000.04 -0002.49 0000.00 -0000.04 -0003.72 -0001.37 -0000.07 -0000.09 -0000.29 -0000.16 -0000.03 -0000.74 
Lys -0000.00 -0001.71 -0002.42 -0000.00 -0000.00 -0001.95 -0000.95 -0000.06 -0000.14 -0000.05 -0000.04 0000.00 -0000.49 -0000.10 -0000.14 -0000.85 -0000.44 -0000.04 -0000.26 -0000.06 
Met -0000.80 -0000.02 -0000.43 -0000.00 -0001.55 -0000.49 -0000.00 -0000.31 -0000.04 -0002.63 -0003.72 -0000.49 0000.00 -0001.26 -0000.03 -0000.56 -0001.78 -0000.28 -0000.24 -0001.63 
Phe -0000.15 -0000.00 -0000.08 -0000.01 -0000.98 -0000.06 -0000.00 -0000.03 -0000.08 -0000.53 -0001.37 -0000.10 -0001.26 0000.00 -0000.06 -0000.19 -0000.11 -0000.34 -0003.45 -0000.35 
Pro -0000.36 -0000.04 -0000.13 -0000.00 -0000.05 -0000.31 -0000.12 -0000.01 -0000.09 -0000.02 -0000.07 -0000.14 -0000.03 -0000.06 0000.00 -0000.47 -0000.33 -0000.01 -0000.02 -0000.10 
Ser -0003.77 -0000.07 -0002.46 -0000.30 -0003.84 -0000.56 -0000.22 -0001.50 -0000.14 -0000.04 -0000.09 -0000.85 -0000.56 -0000.19 -0000.47 0000.00 -0003.90 -0000.06 -0000.17 -0000.29 
Thr -0002.21 -0000.02 -0001.08 -0000.01 -0001.16 -0000.23 -0000.20 -0000.03 -0000.11 -0001.30 -0000.29 -0000.44 -0001.78 -0000.11 -0000.33 -0003.90 0000.00 -0000.02 -0000.17 -0002.32 
Trp -0000.02 -0000.10 -0000.04 -0000.00 -0000.21 -0000.04 -0000.02 -0000.07 -0000.03 -0000.06 -0000.16 -0000.04 -0000.28 -0000.34 -0000.01 -0000.06 -0000.02 0000.00 -0000.47 -0000.08 
Tyr -0000.01 -0000.08 -0000.83 -0000.08 -0000.45 -0000.31 -0000.06 -0000.03 -0001.56 -0000.08 -0000.03 -0000.26 -0000.24 -0003.45 -0000.02 -0000.17 -0000.17 -0000.47 0000.00 -0000.09 
Val -0001.88 -0000.03 -0000.04 -0000.02 -0001.43 -0000.05 -0000.10 -0000.14 -0000.00 -0010.00 -0000.74 -0000.06 -0001.63 -0000.35 -0000.10 -0000.29 -0002.32 -0000.08 -0000.09 0000.00 
