	Ala	Arg	Asn	Asp	Cys	Gln	Glu	Gly	His	Ile	Leu	Lys	Met	Phe	Pro	Ser	Thr	Trp	Tyr	Val	
Ala 0000.00 -0000.84 -0000.74 -0000.58 -0001.33 -0001.39 -0001.31 -0001.98 -0000.73 -0000.58 -0001.01 -0001.04 -0001.93 -0000.68 -0001.55 -0004.31 -0002.19 -0000.44 -0000.72 -0002.58 
Arg -0000.84 0000.00 -0001.49 -0000.76 -0000.39 -0003.71 -0001.50 -0000.65 -0001.82 -0000.45 -0000.65 -0006.19 -0001.02 -0000.38 -0000.82 -0001.14 -0001.12 -0000.77 -0000.79 -0000.49 
Asn -0000.74 -0001.49 0000.00 -0004.47 -0000.74 -0002.87 -0001.60 -0001.72 -0002.85 -0000.53 -0000.51 -0002.55 -0000.92 -0000.53 -0000.89 -0003.21 -0002.28 -0000.53 -0000.90 -0000.59 
Asp -0000.58 -0000.76 -0004.47 0000.00 -0000.31 -0002.11 -0005.50 -0000.92 -0001.05 -0000.33 -0000.34 -0001.39 -0000.43 -0000.27 -0000.97 -0001.80 -0001.24 -0000.45 -0000.55 -0000.34 
Cys -0001.33 -0000.39 -0000.74 -0000.31 0000.00 -0000.31 -0000.11 -0000.40 -0000.51 -0000.52 -0000.56 -0000.34 -0000.77 -0000.84 -0000.25 -0001.25 -0001.06 -0000.56 -0000.70 -0001.25 
Gln -0001.39 -0003.71 -0002.87 -0002.11 -0000.31 0000.00 -0005.20 -0000.75 -0002.26 -0000.39 -0000.78 -0004.40 -0002.58 -0000.51 -0001.06 -0001.68 -0001.65 -0000.90 -0000.91 -0000.79 
Glu -0001.31 -0001.50 -0001.60 -0005.50 -0000.11 -0005.20 0000.00 -0000.58 -0001.10 -0000.38 -0000.40 -0003.02 -0000.66 -0000.28 -0000.99 -0001.51 -0001.19 -0000.33 -0000.63 -0000.66 
Gly -0001.98 -0000.65 -0001.72 -0000.92 -0000.40 -0000.75 -0000.58 0000.00 -0000.60 -0000.23 -0000.32 -0000.73 -0000.58 -0000.44 -0000.74 -0001.75 -0000.68 -0000.47 -0000.36 -0000.39 
His -0000.73 -0001.82 -0002.85 -0001.05 -0000.51 -0002.26 -0001.10 -0000.60 0000.00 -0000.36 -0000.45 -0001.23 -0000.48 -0000.72 -0000.57 -0001.00 -0001.04 -0000.91 -0002.76 -0000.38 
Ile -0000.58 -0000.45 -0000.53 -0000.33 -0000.52 -0000.39 -0000.38 -0000.23 -0000.36 0000.00 -0005.20 -0000.47 -0004.57 -0001.87 -0000.46 -0000.66 -0001.39 -0000.65 -0000.71 -0010.00 
Leu -0001.01 -0000.65 -0000.51 -0000.34 -0000.56 -0000.78 -0000.40 -0000.32 -0000.45 -0005.20 0000.00 -0000.62 -0006.25 -0002.99 -0000.54 -0000.50 -0000.97 -0000.99 -0001.01 -0002.64 
Lys -0001.04 -0006.19 -0002.55 -0001.39 -0000.34 -0004.40 -0003.02 -0000.73 -0001.23 -0000.47 -0000.62 0000.00 -0000.83 -0000.34 -0001.29 -0001.54 -0001.61 -0000.54 -0000.83 -0000.66 
Met -0001.93 -0001.02 -0000.92 -0000.43 -0000.77 -0002.58 -0000.66 -0000.58 -0000.48 -0004.57 -0006.25 -0000.83 0000.00 -0002.88 -0000.42 -0001.18 -0001.94 -0000.96 -0001.17 -0002.17 
Phe -0000.68 -0000.38 -0000.53 -0000.27 -0000.84 -0000.51 -0000.28 -0000.44 -0000.72 -0001.87 -0002.99 -0000.34 -0002.88 0000.00 -0000.60 -0000.77 -0000.90 -0004.12 -0007.37 -0001.23 
Pro -0001.55 -0000.82 -0000.89 -0000.97 -0000.25 -0001.06 -0000.99 -0000.74 -0000.57 -0000.46 -0000.54 -0001.29 -0000.42 -0000.60 0000.00 -0001.52 -0000.98 -0000.62 -0000.54 -0000.69 
Ser -0004.31 -0001.14 -0003.21 -0001.80 -0001.25 -0001.68 -0001.51 -0001.75 -0001.00 -0000.66 -0000.50 -0001.54 -0001.18 -0000.77 -0001.52 0000.00 -0005.56 -0000.62 -0000.74 -0000.63 
Thr -0002.19 -0001.12 -0002.28 -0001.24 -0001.06 -0001.65 -0001.19 -0000.68 -0001.04 -0001.39 -0000.97 -0001.61 -0001.94 -0000.90 -0000.98 -0005.56 0000.00 -0000.48 -0000.65 -0002.37 
Trp -0000.44 -0000.77 -0000.53 -0000.45 -0000.56 -0000.90 -0000.33 -0000.47 -0000.91 -0000.65 -0000.99 -0000.54 -0000.96 -0004.12 -0000.62 -0000.62 -0000.48 0000.00 -0003.74 -0000.54 
Tyr -0000.72 -0000.79 -0000.90 -0000.55 -0000.70 -0000.91 -0000.63 -0000.36 -0002.76 -0000.71 -0001.01 -0000.83 -0001.17 -0007.37 -0000.54 -0000.74 -0000.65 -0003.74 0000.00 -0000.90 
Val -0002.58 -0000.49 -0000.59 -0000.34 -0001.25 -0000.79 -0000.66 -0000.39 -0000.38 -0010.00 -0002.64 -0000.66 -0002.17 -0001.23 -0000.69 -0000.63 -0002.37 -0000.54 -0000.90 0000.00 
