	Ala	Arg	Asn	Asp	Cys	Gln	Glu	Gly	His	Ile	Leu	Lys	Met	Phe	Pro	Ser	Thr	Trp	Tyr	Val	
Ala 0000.00 -0000.83 -0000.82 -0000.93 -0001.66 -0001.49 -0001.57 -0002.24 -0000.65 -0000.60 -0000.72 -0001.00 -0001.28 -0000.46 -0001.84 -0004.32 -0003.56 -0000.37 -0000.36 -0003.13 
Arg -0000.83 0000.00 -0001.06 -0000.51 -0000.97 -0003.71 -0000.91 -0000.88 -0003.31 -0000.29 -0000.56 -0006.74 -0000.84 -0000.28 -0000.88 -0001.29 -0000.90 -0001.02 -0000.60 -0000.52 
Asn -0000.82 -0001.06 0000.00 -0005.28 -0000.66 -0002.03 -0001.35 -0001.62 -0004.17 -0000.62 -0000.28 -0002.96 -0000.63 -0000.34 -0000.48 -0004.12 -0002.61 -0000.12 -0000.73 -0000.31 
Asp -0000.93 -0000.51 -0005.28 0000.00 -0000.15 -0001.11 -0006.51 -0001.29 -0001.44 -0000.15 -0000.24 -0000.98 -0000.27 -0000.11 -0000.72 -0001.49 -0001.01 -0000.17 -0000.50 -0000.31 
Cys -0001.66 -0000.97 -0000.66 -0000.15 0000.00 -0000.31 -0000.30 -0000.74 -0001.02 -0000.61 -0000.95 -0000.23 -0000.82 -0001.14 -0000.29 -0002.45 -0001.18 -0001.09 -0001.45 -0001.52 
Gln -0001.49 -0003.71 -0002.03 -0001.11 -0000.31 0000.00 -0004.58 -0000.59 -0005.38 -0000.33 -0000.90 -0004.07 -0001.28 -0000.24 -0001.55 -0001.56 -0001.45 -0000.60 -0000.62 -0000.43 
Glu -0001.57 -0000.91 -0001.35 -0006.51 -0000.30 -0004.58 0000.00 -0000.93 -0001.10 -0000.27 -0000.38 -0002.91 -0000.50 -0000.16 -0001.02 -0001.23 -0001.07 -0000.28 -0000.39 -0000.60 
Gly -0002.24 -0000.88 -0001.62 -0001.29 -0000.74 -0000.59 -0000.93 0000.00 -0000.58 -0000.19 -0000.24 -0000.60 -0000.40 -0000.25 -0000.52 -0002.06 -0000.48 -0000.63 -0000.23 -0000.42 
His -0000.65 -0003.31 -0004.17 -0001.44 -0001.02 -0005.38 -0001.10 -0000.58 0000.00 -0000.39 -0000.72 -0001.22 -0000.93 -0000.92 -0001.24 -0001.32 -0001.08 -0000.42 -0005.22 -0000.36 
Ile -0000.60 -0000.29 -0000.62 -0000.15 -0000.61 -0000.33 -0000.27 -0000.19 -0000.39 0000.00 -0004.04 -0000.42 -0004.55 -0001.54 -0000.32 -0000.41 -0001.77 -0000.38 -0000.58 -0010.00 
Leu -0000.72 -0000.56 -0000.28 -0000.24 -0000.95 -0000.90 -0000.38 -0000.24 -0000.72 -0004.04 0000.00 -0000.38 -0005.40 -0002.93 -0000.68 -0000.60 -0000.69 -0001.02 -0000.84 -0002.38 
Lys -0001.00 -0006.74 -0002.96 -0000.98 -0000.23 -0004.07 -0002.91 -0000.60 -0001.22 -0000.42 -0000.38 0000.00 -0001.15 -0000.26 -0000.94 -0001.33 -0001.72 -0000.39 -0000.53 -0000.52 
Met -0001.28 -0000.84 -0000.63 -0000.27 -0000.82 -0001.28 -0000.50 -0000.40 -0000.93 -0004.55 -0005.40 -0001.15 0000.00 -0001.56 -0000.33 -0000.72 -0002.26 -0000.99 -0000.73 -0002.73 
Phe -0000.46 -0000.28 -0000.34 -0000.11 -0001.14 -0000.24 -0000.16 -0000.25 -0000.92 -0001.54 -0002.93 -0000.26 -0001.56 0000.00 -0000.25 -0000.74 -0000.46 -0002.25 -0006.98 -0001.15 
Pro -0001.84 -0000.88 -0000.48 -0000.72 -0000.29 -0001.55 -0001.02 -0000.52 -0001.24 -0000.32 -0000.68 -0000.94 -0000.33 -0000.25 0000.00 -0002.38 -0001.31 -0000.29 -0000.32 -0000.40 
Ser -0004.32 -0001.29 -0004.12 -0001.49 -0002.45 -0001.56 -0001.23 -0002.06 -0001.32 -0000.41 -0000.60 -0001.33 -0000.72 -0000.74 -0002.38 0000.00 -0005.95 -0000.46 -0000.64 -0000.63 
Thr -0003.56 -0000.90 -0002.61 -0001.01 -0001.18 -0001.45 -0001.07 -0000.48 -0001.08 -0001.77 -0000.69 -0001.72 -0002.26 -0000.46 -0001.31 -0005.95 0000.00 -0000.30 -0000.58 -0002.30 
Trp -0000.37 -0001.02 -0000.12 -0000.17 -0001.09 -0000.60 -0000.28 -0000.63 -0000.42 -0000.38 -0001.02 -0000.39 -0000.99 -0002.25 -0000.29 -0000.46 -0000.30 0000.00 -0003.05 -0000.38 
Tyr -0000.36 -0000.60 -0000.73 -0000.50 -0001.45 -0000.62 -0000.39 -0000.23 -0005.22 -0000.58 -0000.84 -0000.53 -0000.73 -0006.98 -0000.32 -0000.64 -0000.58 -0003.05 0000.00 -0000.67 
Val -0003.13 -0000.52 -0000.31 -0000.31 -0001.52 -0000.43 -0000.60 -0000.42 -0000.36 -0010.00 -0002.38 -0000.52 -0002.73 -0001.15 -0000.40 -0000.63 -0002.30 -0000.38 -0000.67 0000.00 
