	Ala	Arg	Asn	Asp	Cys	Gln	Glu	Gly	His	Ile	Leu	Lys	Met	Phe	Pro	Ser	Thr	Trp	Tyr	Val	
Ala 0000.00 -0000.71 -0000.65 -0000.94 -0001.31 -0001.16 -0002.02 -0001.81 -0000.41 -0000.25 -0000.51 -0001.16 -0001.14 -0000.27 -0001.84 -0004.31 -0002.71 -0000.14 -0000.31 -0002.56 
Arg -0000.71 0000.00 -0000.81 -0000.19 -0000.68 -0003.88 -0000.56 -0000.75 -0002.73 -0000.24 -0000.64 -0006.84 -0000.87 -0000.13 -0000.87 -0001.57 -0000.71 -0001.49 -0000.49 -0000.32 
Asn -0000.65 -0000.81 0000.00 -0006.94 -0000.34 -0001.97 -0001.21 -0001.44 -0005.06 -0000.71 -0000.17 -0003.85 -0000.25 -0000.12 -0000.25 -0005.08 -0002.60 -0000.09 -0001.39 -0000.25 
Asp -0000.94 -0000.19 -0006.94 0000.00 -0000.04 -0000.79 -0007.89 -0001.11 -0001.19 -0000.05 -0000.11 -0000.61 -0000.13 -0000.06 -0000.54 -0001.37 -0000.48 -0000.17 -0000.42 -0000.19 
Cys -0001.31 -0000.68 -0000.34 -0000.04 0000.00 -0000.13 -0000.03 -0000.39 -0000.32 -0000.22 -0000.49 -0000.09 -0000.50 -0000.51 -0000.14 -0001.80 -0000.66 -0000.92 -0000.70 -0001.28 
Gln -0001.16 -0003.88 -0001.97 -0000.79 -0000.13 0000.00 -0006.99 -0000.42 -0005.49 -0000.15 -0001.11 -0004.98 -0001.98 -0000.13 -0001.19 -0001.32 -0001.10 -0000.28 -0000.29 -0000.39 
Glu -0002.02 -0000.56 -0001.21 -0007.89 -0000.03 -0006.99 0000.00 -0000.73 -0000.73 -0000.16 -0000.20 -0003.30 -0000.40 -0000.10 -0000.87 -0000.90 -0001.05 -0000.20 -0000.25 -0000.75 
Gly -0001.81 -0000.75 -0001.44 -0001.11 -0000.39 -0000.42 -0000.73 0000.00 -0000.32 -0000.04 -0000.08 -0000.48 -0000.22 -0000.06 -0000.31 -0001.72 -0000.29 -0000.43 -0000.13 -0000.24 
His -0000.41 -0002.73 -0005.06 -0001.19 -0000.32 -0005.49 -0000.73 -0000.32 0000.00 -0000.18 -0000.64 -0001.14 -0000.52 -0000.87 -0000.89 -0000.95 -0000.61 -0000.34 -0004.95 -0000.15 
Ile -0000.25 -0000.24 -0000.71 -0000.05 -0000.22 -0000.15 -0000.16 -0000.04 -0000.18 0000.00 -0004.05 -0000.41 -0005.44 -0001.35 -0000.13 -0000.41 -0001.86 -0000.27 -0000.54 -0010.00 
Leu -0000.51 -0000.64 -0000.17 -0000.11 -0000.49 -0001.11 -0000.20 -0000.08 -0000.64 -0004.05 0000.00 -0000.33 -0006.21 -0002.70 -0000.53 -0000.44 -0000.42 -0000.85 -0000.51 -0002.30 
Lys -0001.16 -0006.84 -0003.85 -0000.61 -0000.09 -0004.98 -0003.30 -0000.48 -0001.14 -0000.41 -0000.33 0000.00 -0001.19 -0000.11 -0000.71 -0001.24 -0001.77 -0000.18 -0000.17 -0000.39 
Met -0001.14 -0000.87 -0000.25 -0000.13 -0000.50 -0001.98 -0000.40 -0000.22 -0000.52 -0005.44 -0006.21 -0001.19 0000.00 -0001.52 -0000.22 -0000.63 -0001.94 -0000.66 -0000.55 -0002.63 
Phe -0000.27 -0000.13 -0000.12 -0000.06 -0000.51 -0000.13 -0000.10 -0000.06 -0000.87 -0001.35 -0002.70 -0000.11 -0001.52 0000.00 -0000.21 -0000.70 -0000.22 -0001.96 -0008.25 -0000.83 
Pro -0001.84 -0000.87 -0000.25 -0000.54 -0000.14 -0001.19 -0000.87 -0000.31 -0000.89 -0000.13 -0000.53 -0000.71 -0000.22 -0000.21 0000.00 -0002.06 -0001.02 -0000.18 -0000.28 -0000.40 
Ser -0004.31 -0001.57 -0005.08 -0001.37 -0001.80 -0001.32 -0000.90 -0001.72 -0000.95 -0000.41 -0000.44 -0001.24 -0000.63 -0000.70 -0002.06 0000.00 -0005.60 -0000.67 -0001.01 -0000.30 
Thr -0002.71 -0000.71 -0002.60 -0000.48 -0000.66 -0001.10 -0001.05 -0000.29 -0000.61 -0001.86 -0000.42 -0001.77 -0001.94 -0000.22 -0001.02 -0005.60 0000.00 -0000.14 -0000.37 -0001.77 
Trp -0000.14 -0001.49 -0000.09 -0000.17 -0000.92 -0000.28 -0000.20 -0000.43 -0000.34 -0000.27 -0000.85 -0000.18 -0000.66 -0001.96 -0000.18 -0000.67 -0000.14 0000.00 -0003.18 -0000.47 
Tyr -0000.31 -0000.49 -0001.39 -0000.42 -0000.70 -0000.29 -0000.25 -0000.13 -0004.95 -0000.54 -0000.51 -0000.17 -0000.55 -0008.25 -0000.28 -0001.01 -0000.37 -0003.18 0000.00 -0000.40 
Val -0002.56 -0000.32 -0000.25 -0000.19 -0001.28 -0000.39 -0000.75 -0000.24 -0000.15 -0010.00 -0002.30 -0000.39 -0002.63 -0000.83 -0000.40 -0000.30 -0001.77 -0000.47 -0000.40 0000.00 
