     DAYH DCMU  JTT MTRE  WAG RTRE CPRE   VT BLOS MTMA   LG MTAR MTZO  PMB HIVB HIVW JTTD  FLU 
DAYH    0    2  150  221  148  193  182  189  215  547  171  359  241  212  242  333  147  374 
DCMU    2    0  149  221  146  191  181  187  213  547  170  359  241  210  241  333  146  374 
 JTT  150  149    0  197   90  147  145  100  146  531  104  380  249  146  163  246    9  348 
MTRE  221  221  197    0  221  245  214  248  273  400  213  299  195  276  229  304  196  345 
 WAG  148  146   90  221    0  113  135   66   89  571   72  386  261   91  211  289   88  380 
RTRE  193  191  147  245  113    0  185  120  121  566   83  353  241  126  246  334  146  388 
CPRE  182  181  145  214  135  185    0  162  183  551  153  367  242  181  204  276  142  351 
  VT  189  187  100  248   66  120  162    0   62  594   90  412  284   60  225  296  101  409 
BLOS  215  213  146  273   89  121  183   62    0  610  105  417  297   44  260  324  147  426 
MTMA  547  547  531  400  571  566  551  594  610    0  544  438  440  620  502  526  530  474 
  LG  171  170  104  213   72   83  153   90  105  544    0  350  228  112  211  298  103  368 
MTAR  359  359  380  299  386  353  367  412  417  438  350    0  151  417  416  499  379  411 
MTZO  241  241  249  195  261  241  242  284  297  440  228  151    0  298  305  391  248  359 
 PMB  212  210  146  276   91  126  181   60   44  620  112  417  298    0  260  330  147  429 
HIVB  242  241  163  229  211  246  204  225  260  502  211  416  305  260    0  206  162  301 
HIVW  333  333  246  304  289  334  276  296  324  526  298  499  391  330  206    0  246  306 
JTTD  147  146    9  196   88  146  142  101  147  530  103  379  248  147  162  246    0  346 
 FLU  374  374  348  345  380  388  351  409  426  474  368  411  359  429  301  306  346    0 
